Ticker,Date/Time,Open,High,Low,Close,Volume,Open Interest,Date
BANKNIFTY39000PE,14-09-2022 09:15:00,249.3,274.9,217.4,223.05,7800,469300,2022-09-14
BANKNIFTY39000PE,14-09-2022 09:16:00,221.7,221.7,213.9,213.9,14275,469300,2022-09-14
BANKNIFTY39000PE,14-09-2022 09:17:00,213.9,216.95,212.45,216.1,10450,469975,2022-09-14
BANKNIFTY39000PE,14-09-2022 09:18:00,215.9,223.2,214.8,222.05,12150,469975,2022-09-14
BANKNIFTY39000PE,14-09-2022 09:19:00,220.5,223.45,219.35,221.45,10625,469975,2022-09-14
BANKNIFTY39000PE,14-09-2022 09:20:00,221.45,226.0,220.8,224.25,9600,467125,2022-09-14
BANKNIFTY39000PE,14-09-2022 09:21:00,224.65,225.9,220.05,220.6,6875,467125,2022-09-14
BANKNIFTY39000PE,14-09-2022 09:22:00,220.0,220.95,215.95,219.95,5675,467125,2022-09-14
BANKNIFTY39000PE,14-09-2022 09:23:00,217.55,217.85,212.4,213.6,7200,469000,2022-09-14
BANKNIFTY39000PE,14-09-2022 09:24:00,213.6,214.65,211.9,213.6,6225,469000,2022-09-14
BANKNIFTY39000PE,14-09-2022 09:25:00,213.7,215.95,210.7,215.0,8200,469000,2022-09-14
BANKNIFTY39000PE,14-09-2022 09:26:00,214.95,216.0,210.2,210.2,6550,466725,2022-09-14
BANKNIFTY39000PE,14-09-2022 09:27:00,210.0,210.0,200.45,201.8,3850,466725,2022-09-14
BANKNIFTY39000PE,14-09-2022 09:28:00,201.95,203.0,198.8,202.4,7275,466725,2022-09-14
BANKNIFTY39000PE,14-09-2022 09:29:00,202.4,206.45,202.4,204.2,6125,470500,2022-09-14
BANKNIFTY39000PE,14-09-2022 09:30:00,204.65,209.5,203.9,209.5,6200,470500,2022-09-14
BANKNIFTY39000PE,14-09-2022 09:31:00,209.5,211.0,202.55,205.45,6975,470500,2022-09-14
BANKNIFTY39000PE,14-09-2022 09:32:00,205.45,205.45,200.0,203.0,10700,474775,2022-09-14
BANKNIFTY39000PE,14-09-2022 09:33:00,203.0,204.8,197.75,197.85,5275,474775,2022-09-14
BANKNIFTY39000PE,14-09-2022 09:34:00,197.35,202.45,197.35,200.65,8175,474775,2022-09-14
BANKNIFTY39000PE,14-09-2022 09:35:00,200.65,203.7,200.45,203.15,7500,474525,2022-09-14
BANKNIFTY39000PE,14-09-2022 09:36:00,203.55,205.2,199.6,204.5,4150,474525,2022-09-14
BANKNIFTY39000PE,14-09-2022 09:37:00,204.5,206.0,203.8,203.9,11500,474525,2022-09-14
BANKNIFTY39000PE,14-09-2022 09:38:00,203.75,205.45,203.05,204.1,4500,481675,2022-09-14
BANKNIFTY39000PE,14-09-2022 09:39:00,204.1,204.65,201.0,203.05,3100,481675,2022-09-14
BANKNIFTY39000PE,14-09-2022 09:40:00,203.05,209.05,200.75,208.8,5050,481675,2022-09-14
BANKNIFTY39000PE,14-09-2022 09:41:00,208.2,208.35,202.2,202.2,7750,479750,2022-09-14
BANKNIFTY39000PE,14-09-2022 09:42:00,202.3,203.5,200.95,202.8,4875,479750,2022-09-14
BANKNIFTY39000PE,14-09-2022 09:43:00,203.45,203.6,200.8,200.8,3800,479750,2022-09-14
BANKNIFTY39000PE,14-09-2022 09:44:00,200.45,202.95,200.45,202.95,1950,482025,2022-09-14
BANKNIFTY39000PE,14-09-2022 09:45:00,202.2,202.3,198.0,198.0,1775,482025,2022-09-14
BANKNIFTY39000PE,14-09-2022 09:46:00,197.1,201.3,195.6,201.2,2950,482025,2022-09-14
BANKNIFTY39000PE,14-09-2022 09:47:00,201.2,201.3,199.5,200.6,2900,481650,2022-09-14
BANKNIFTY39000PE,14-09-2022 09:48:00,200.4,201.0,200.2,200.75,2125,481650,2022-09-14
BANKNIFTY39000PE,14-09-2022 09:49:00,200.75,200.75,192.35,194.95,6475,481650,2022-09-14
BANKNIFTY39000PE,14-09-2022 09:50:00,195.8,198.25,195.2,198.25,3225,482175,2022-09-14
BANKNIFTY39000PE,14-09-2022 09:51:00,199.15,200.75,198.95,199.7,2200,482175,2022-09-14
BANKNIFTY39000PE,14-09-2022 09:52:00,199.7,203.0,199.65,202.85,3000,482175,2022-09-14
BANKNIFTY39000PE,14-09-2022 09:53:00,202.85,205.1,202.85,204.9,1750,483450,2022-09-14
BANKNIFTY39000PE,14-09-2022 09:54:00,204.9,206.8,202.4,206.4,6550,483450,2022-09-14
BANKNIFTY39000PE,14-09-2022 09:55:00,206.2,207.25,204.45,206.4,3450,483450,2022-09-14
BANKNIFTY39000PE,14-09-2022 09:56:00,206.4,207.0,204.3,206.95,4500,478075,2022-09-14
BANKNIFTY39000PE,14-09-2022 09:57:00,206.7,210.0,206.55,207.85,4700,478075,2022-09-14
BANKNIFTY39000PE,14-09-2022 09:58:00,207.6,207.9,205.9,206.75,3175,478075,2022-09-14
BANKNIFTY39000PE,14-09-2022 09:59:00,206.75,208.0,206.0,208.0,2975,478175,2022-09-14
BANKNIFTY39000PE,14-09-2022 10:00:00,206.0,208.4,205.0,205.5,2475,478175,2022-09-14
BANKNIFTY39000PE,14-09-2022 10:01:00,205.5,205.85,203.45,204.4,1150,478175,2022-09-14
BANKNIFTY39000PE,14-09-2022 10:02:00,204.5,206.0,204.2,204.3,1000,479750,2022-09-14
BANKNIFTY39000PE,14-09-2022 10:03:00,204.25,206.35,204.15,204.6,925,479750,2022-09-14
BANKNIFTY39000PE,14-09-2022 10:04:00,203.35,204.5,202.8,203.65,2275,479750,2022-09-14
BANKNIFTY39000PE,14-09-2022 10:05:00,204.45,205.0,201.35,201.85,7375,482550,2022-09-14
BANKNIFTY39000PE,14-09-2022 10:06:00,201.7,203.55,201.0,203.15,2525,482550,2022-09-14
BANKNIFTY39000PE,14-09-2022 10:07:00,202.5,203.0,200.95,203.0,1600,482550,2022-09-14
BANKNIFTY39000PE,14-09-2022 10:08:00,203.0,203.0,200.35,201.0,4000,484225,2022-09-14
BANKNIFTY39000PE,14-09-2022 10:09:00,201.8,202.0,200.7,201.25,1825,484225,2022-09-14
BANKNIFTY39000PE,14-09-2022 10:10:00,200.85,204.2,200.3,204.2,1725,484225,2022-09-14
BANKNIFTY39000PE,14-09-2022 10:11:00,204.35,204.4,201.9,202.55,2000,486675,2022-09-14
BANKNIFTY39000PE,14-09-2022 10:12:00,202.55,203.8,199.7,202.75,4975,486675,2022-09-14
BANKNIFTY39000PE,14-09-2022 10:13:00,203.8,204.75,203.05,204.7,2675,486675,2022-09-14
BANKNIFTY39000PE,14-09-2022 10:14:00,204.1,205.2,204.1,205.0,1550,488975,2022-09-14
BANKNIFTY39000PE,14-09-2022 10:15:00,205.0,205.0,201.25,204.55,2175,488975,2022-09-14
BANKNIFTY39000PE,14-09-2022 10:16:00,203.05,204.75,203.05,204.0,1150,488975,2022-09-14
BANKNIFTY39000PE,14-09-2022 10:17:00,203.25,204.75,203.25,204.4,475,490350,2022-09-14
BANKNIFTY39000PE,14-09-2022 10:18:00,204.4,205.0,203.2,203.8,2950,490350,2022-09-14
BANKNIFTY39000PE,14-09-2022 10:19:00,203.8,203.95,202.5,203.35,1700,490350,2022-09-14
BANKNIFTY39000PE,14-09-2022 10:20:00,202.65,203.8,201.35,201.35,1325,492400,2022-09-14
BANKNIFTY39000PE,14-09-2022 10:21:00,201.55,204.7,201.55,203.9,1725,492400,2022-09-14
BANKNIFTY39000PE,14-09-2022 10:22:00,203.85,205.55,203.85,204.65,750,492400,2022-09-14
BANKNIFTY39000PE,14-09-2022 10:23:00,203.9,205.4,203.9,204.2,1775,493350,2022-09-14
BANKNIFTY39000PE,14-09-2022 10:24:00,204.0,204.95,204.0,204.05,1850,493350,2022-09-14
BANKNIFTY39000PE,14-09-2022 10:25:00,204.3,205.2,203.9,204.5,1550,493350,2022-09-14
BANKNIFTY39000PE,14-09-2022 10:26:00,204.7,204.7,203.6,204.0,1150,494550,2022-09-14
BANKNIFTY39000PE,14-09-2022 10:27:00,203.7,204.8,203.0,203.8,2950,494550,2022-09-14
BANKNIFTY39000PE,14-09-2022 10:28:00,203.0,205.0,202.65,205.0,1100,494550,2022-09-14
BANKNIFTY39000PE,14-09-2022 10:29:00,205.0,206.0,203.0,203.0,2525,497525,2022-09-14
BANKNIFTY39000PE,14-09-2022 10:30:00,202.2,204.85,202.2,203.7,1875,497525,2022-09-14
BANKNIFTY39000PE,14-09-2022 10:31:00,203.7,204.5,202.5,202.75,1500,497525,2022-09-14
BANKNIFTY39000PE,14-09-2022 10:32:00,202.75,202.75,197.6,199.75,3800,498100,2022-09-14
BANKNIFTY39000PE,14-09-2022 10:33:00,199.75,200.05,194.65,198.0,2225,498100,2022-09-14
BANKNIFTY39000PE,14-09-2022 10:34:00,198.0,199.0,196.05,196.05,2525,498100,2022-09-14
BANKNIFTY39000PE,14-09-2022 10:35:00,195.85,197.1,194.95,194.95,4600,497250,2022-09-14
BANKNIFTY39000PE,14-09-2022 10:36:00,194.95,196.85,194.6,196.85,1850,497250,2022-09-14
BANKNIFTY39000PE,14-09-2022 10:37:00,196.85,198.0,196.85,198.0,275,497250,2022-09-14
BANKNIFTY39000PE,14-09-2022 10:38:00,200.2,200.7,198.05,200.7,2250,497375,2022-09-14
BANKNIFTY39000PE,14-09-2022 10:39:00,200.85,201.85,199.85,200.4,3700,497375,2022-09-14
BANKNIFTY39000PE,14-09-2022 10:40:00,200.9,201.9,199.7,199.7,1875,497375,2022-09-14
BANKNIFTY39000PE,14-09-2022 10:41:00,200.0,200.6,200.0,200.15,1025,499225,2022-09-14
BANKNIFTY39000PE,14-09-2022 10:42:00,200.2,200.4,199.0,199.4,2975,499225,2022-09-14
BANKNIFTY39000PE,14-09-2022 10:43:00,198.85,201.6,198.85,201.2,2150,499225,2022-09-14
BANKNIFTY39000PE,14-09-2022 10:44:00,200.65,201.1,198.6,198.6,725,501875,2022-09-14
BANKNIFTY39000PE,14-09-2022 10:45:00,198.05,200.2,198.05,198.95,575,501875,2022-09-14
BANKNIFTY39000PE,14-09-2022 10:46:00,198.95,200.25,198.95,199.95,875,501875,2022-09-14
BANKNIFTY39000PE,14-09-2022 10:47:00,199.25,200.7,198.65,200.7,1500,502700,2022-09-14
BANKNIFTY39000PE,14-09-2022 10:48:00,200.75,200.75,199.45,199.95,525,502700,2022-09-14
BANKNIFTY39000PE,14-09-2022 10:49:00,200.45,200.45,198.85,199.95,1450,502700,2022-09-14
BANKNIFTY39000PE,14-09-2022 10:50:00,200.3,200.3,200.3,200.3,25,502700,2022-09-14
BANKNIFTY39000PE,14-09-2022 10:51:00,199.05,199.15,197.85,198.3,1550,502800,2022-09-14
BANKNIFTY39000PE,14-09-2022 10:52:00,198.85,198.9,197.65,198.55,800,502800,2022-09-14
BANKNIFTY39000PE,14-09-2022 10:53:00,198.1,198.3,196.5,196.5,1900,502800,2022-09-14
BANKNIFTY39000PE,14-09-2022 10:54:00,196.2,196.2,193.2,193.3,3800,504450,2022-09-14
BANKNIFTY39000PE,14-09-2022 10:55:00,193.3,195.55,193.25,195.3,3275,504450,2022-09-14
BANKNIFTY39000PE,14-09-2022 10:56:00,195.3,195.65,193.35,194.45,2050,507550,2022-09-14
BANKNIFTY39000PE,14-09-2022 10:57:00,193.75,195.2,192.7,192.7,6575,507550,2022-09-14
BANKNIFTY39000PE,14-09-2022 10:58:00,191.55,192.35,188.4,189.45,9650,507550,2022-09-14
BANKNIFTY39000PE,14-09-2022 10:59:00,189.2,189.2,186.05,186.3,3225,507550,2022-09-14
BANKNIFTY39000PE,14-09-2022 11:00:00,185.6,186.3,184.05,185.3,3225,508675,2022-09-14
BANKNIFTY39000PE,14-09-2022 11:01:00,185.3,188.4,185.3,188.0,3400,508675,2022-09-14
BANKNIFTY39000PE,14-09-2022 11:02:00,187.45,189.15,187.05,187.05,2850,510625,2022-09-14
BANKNIFTY39000PE,14-09-2022 11:03:00,187.05,188.0,187.0,188.0,2025,510625,2022-09-14
BANKNIFTY39000PE,14-09-2022 11:04:00,188.0,188.35,182.1,182.1,4375,510625,2022-09-14
BANKNIFTY39000PE,14-09-2022 11:05:00,183.1,183.1,177.7,179.75,8550,510150,2022-09-14
BANKNIFTY39000PE,14-09-2022 11:06:00,179.7,180.35,179.0,179.55,3575,510150,2022-09-14
BANKNIFTY39000PE,14-09-2022 11:07:00,179.0,180.15,178.05,178.65,3375,510150,2022-09-14
BANKNIFTY39000PE,14-09-2022 11:08:00,178.65,179.0,176.5,177.85,4375,513050,2022-09-14
BANKNIFTY39000PE,14-09-2022 11:09:00,177.85,177.85,172.85,173.15,7325,513050,2022-09-14
BANKNIFTY39000PE,14-09-2022 11:10:00,173.5,175.15,173.1,173.2,7450,513050,2022-09-14
BANKNIFTY39000PE,14-09-2022 11:11:00,173.25,175.0,173.0,174.65,5900,514850,2022-09-14
BANKNIFTY39000PE,14-09-2022 11:12:00,174.05,175.6,173.95,174.5,4925,514850,2022-09-14
BANKNIFTY39000PE,14-09-2022 11:13:00,174.5,176.0,174.05,175.1,2225,514850,2022-09-14
BANKNIFTY39000PE,14-09-2022 11:14:00,175.4,176.3,175.0,175.6,4225,509200,2022-09-14
BANKNIFTY39000PE,14-09-2022 11:15:00,175.6,177.15,175.0,175.95,1275,509200,2022-09-14
BANKNIFTY39000PE,14-09-2022 11:16:00,175.95,176.75,175.75,175.75,1900,509200,2022-09-14
BANKNIFTY39000PE,14-09-2022 11:17:00,175.75,176.5,174.4,175.2,4400,510525,2022-09-14
BANKNIFTY39000PE,14-09-2022 11:18:00,175.2,175.8,174.25,174.35,2300,510525,2022-09-14
BANKNIFTY39000PE,14-09-2022 11:19:00,174.25,174.65,173.45,174.45,1225,510525,2022-09-14
BANKNIFTY39000PE,14-09-2022 11:20:00,174.45,174.5,173.3,173.3,1275,509375,2022-09-14
BANKNIFTY39000PE,14-09-2022 11:21:00,173.3,174.35,172.85,173.75,1800,509375,2022-09-14
BANKNIFTY39000PE,14-09-2022 11:22:00,173.75,175.0,173.3,174.65,2225,509375,2022-09-14
BANKNIFTY39000PE,14-09-2022 11:23:00,174.3,175.0,173.8,174.0,775,509450,2022-09-14
BANKNIFTY39000PE,14-09-2022 11:24:00,174.0,174.65,172.1,174.0,1375,509450,2022-09-14
BANKNIFTY39000PE,14-09-2022 11:25:00,174.05,174.5,172.6,173.25,3100,509450,2022-09-14
BANKNIFTY39000PE,14-09-2022 11:26:00,173.6,174.35,173.0,174.0,425,509425,2022-09-14
BANKNIFTY39000PE,14-09-2022 11:27:00,174.0,176.8,173.8,176.6,2100,509425,2022-09-14
BANKNIFTY39000PE,14-09-2022 11:28:00,176.6,178.45,176.45,177.95,1900,509425,2022-09-14
BANKNIFTY39000PE,14-09-2022 11:29:00,178.25,178.8,176.7,178.0,3625,509425,2022-09-14
BANKNIFTY39000PE,14-09-2022 11:30:00,178.7,180.0,178.55,179.45,3650,512650,2022-09-14
BANKNIFTY39000PE,14-09-2022 11:31:00,179.95,179.95,177.65,179.25,4275,512650,2022-09-14
BANKNIFTY39000PE,14-09-2022 11:32:00,179.25,180.55,179.05,180.5,1400,512050,2022-09-14
BANKNIFTY39000PE,14-09-2022 11:33:00,180.5,180.75,180.1,180.5,200,512050,2022-09-14
BANKNIFTY39000PE,14-09-2022 11:34:00,180.0,181.85,180.0,181.75,2425,512050,2022-09-14
BANKNIFTY39000PE,14-09-2022 11:35:00,181.75,182.0,180.85,180.85,775,512050,2022-09-14
BANKNIFTY39000PE,14-09-2022 11:36:00,180.05,180.5,179.0,179.8,4075,511225,2022-09-14
BANKNIFTY39000PE,14-09-2022 11:37:00,178.95,179.0,177.6,179.0,1150,511225,2022-09-14
BANKNIFTY39000PE,14-09-2022 11:38:00,178.9,179.95,178.85,179.25,925,511225,2022-09-14
BANKNIFTY39000PE,14-09-2022 11:39:00,179.25,179.25,177.25,177.8,975,514000,2022-09-14
BANKNIFTY39000PE,14-09-2022 11:40:00,176.6,176.6,175.55,175.75,1450,514000,2022-09-14
BANKNIFTY39000PE,14-09-2022 11:41:00,176.2,177.5,175.95,177.5,1650,514000,2022-09-14
BANKNIFTY39000PE,14-09-2022 11:42:00,176.6,178.05,176.6,178.0,1400,512825,2022-09-14
BANKNIFTY39000PE,14-09-2022 11:43:00,177.45,178.4,177.45,177.95,1200,512825,2022-09-14
BANKNIFTY39000PE,14-09-2022 11:44:00,177.15,177.15,171.15,171.55,4050,512825,2022-09-14
BANKNIFTY39000PE,14-09-2022 11:45:00,170.95,171.85,170.5,170.5,2650,513550,2022-09-14
BANKNIFTY39000PE,14-09-2022 11:46:00,170.45,172.4,170.45,172.4,4850,513550,2022-09-14
BANKNIFTY39000PE,14-09-2022 11:47:00,172.5,173.05,168.65,169.05,7950,513550,2022-09-14
BANKNIFTY39000PE,14-09-2022 11:48:00,170.05,170.05,165.6,166.5,12725,515025,2022-09-14
BANKNIFTY39000PE,14-09-2022 11:49:00,165.5,168.3,165.5,168.3,1800,515025,2022-09-14
BANKNIFTY39000PE,14-09-2022 11:50:00,167.65,169.0,166.6,169.0,3400,515025,2022-09-14
BANKNIFTY39000PE,14-09-2022 11:51:00,167.65,168.0,165.25,166.95,1825,509700,2022-09-14
BANKNIFTY39000PE,14-09-2022 11:52:00,167.1,168.1,166.55,167.65,1000,509700,2022-09-14
BANKNIFTY39000PE,14-09-2022 11:53:00,167.4,168.65,166.7,166.7,3550,509700,2022-09-14
BANKNIFTY39000PE,14-09-2022 11:54:00,167.45,168.15,166.55,166.55,725,509425,2022-09-14
BANKNIFTY39000PE,14-09-2022 11:55:00,166.8,168.6,166.8,168.1,1775,509425,2022-09-14
BANKNIFTY39000PE,14-09-2022 11:56:00,167.25,168.85,166.85,168.4,1675,509425,2022-09-14
BANKNIFTY39000PE,14-09-2022 11:57:00,167.95,168.45,167.25,167.9,900,508075,2022-09-14
BANKNIFTY39000PE,14-09-2022 11:58:00,167.5,167.5,165.75,166.0,4600,508075,2022-09-14
BANKNIFTY39000PE,14-09-2022 11:59:00,166.2,166.25,165.15,166.25,2250,508075,2022-09-14
BANKNIFTY39000PE,14-09-2022 12:00:00,166.05,166.05,164.0,164.95,2875,509025,2022-09-14
BANKNIFTY39000PE,14-09-2022 12:01:00,164.0,164.3,163.05,163.25,3300,509025,2022-09-14
BANKNIFTY39000PE,14-09-2022 12:02:00,163.25,165.55,163.25,165.5,1525,509025,2022-09-14
BANKNIFTY39000PE,14-09-2022 12:03:00,165.15,165.3,163.25,163.5,1950,508750,2022-09-14
BANKNIFTY39000PE,14-09-2022 12:04:00,163.5,164.2,162.6,162.8,2375,508750,2022-09-14
BANKNIFTY39000PE,14-09-2022 12:05:00,162.0,162.45,157.2,157.2,3275,508750,2022-09-14
BANKNIFTY39000PE,14-09-2022 12:06:00,156.95,158.55,156.85,158.55,3725,506525,2022-09-14
BANKNIFTY39000PE,14-09-2022 12:07:00,157.85,158.5,157.7,158.05,3450,506525,2022-09-14
BANKNIFTY39000PE,14-09-2022 12:08:00,157.4,157.4,154.2,155.3,3650,506525,2022-09-14
BANKNIFTY39000PE,14-09-2022 12:09:00,155.2,155.3,152.0,152.75,5325,504275,2022-09-14
BANKNIFTY39000PE,14-09-2022 12:10:00,152.65,153.5,151.3,151.3,11150,504275,2022-09-14
BANKNIFTY39000PE,14-09-2022 12:11:00,151.3,151.75,149.8,150.2,8125,504275,2022-09-14
BANKNIFTY39000PE,14-09-2022 12:12:00,150.0,151.5,149.6,151.5,8400,502575,2022-09-14
BANKNIFTY39000PE,14-09-2022 12:13:00,151.15,151.2,147.45,149.7,9275,502575,2022-09-14
BANKNIFTY39000PE,14-09-2022 12:14:00,149.45,153.2,149.45,153.2,8225,502575,2022-09-14
BANKNIFTY39000PE,14-09-2022 12:15:00,153.2,155.95,152.2,155.0,4450,507225,2022-09-14
BANKNIFTY39000PE,14-09-2022 12:16:00,154.8,155.5,153.25,155.45,4000,507225,2022-09-14
BANKNIFTY39000PE,14-09-2022 12:17:00,155.4,156.7,154.85,156.7,10700,507225,2022-09-14
BANKNIFTY39000PE,14-09-2022 12:18:00,156.3,157.25,155.9,156.55,5975,500875,2022-09-14
BANKNIFTY39000PE,14-09-2022 12:19:00,156.55,156.55,153.1,153.1,3675,500875,2022-09-14
BANKNIFTY39000PE,14-09-2022 12:20:00,153.5,153.55,151.85,153.5,3175,500875,2022-09-14
BANKNIFTY39000PE,14-09-2022 12:21:00,153.6,154.05,152.75,153.0,2775,498650,2022-09-14
BANKNIFTY39000PE,14-09-2022 12:22:00,153.5,154.9,153.5,154.9,975,498650,2022-09-14
BANKNIFTY39000PE,14-09-2022 12:23:00,154.9,154.9,152.6,153.0,1450,498650,2022-09-14
BANKNIFTY39000PE,14-09-2022 12:24:00,152.25,152.25,148.55,148.55,3875,498975,2022-09-14
BANKNIFTY39000PE,14-09-2022 12:25:00,148.45,149.35,145.3,146.0,8225,498975,2022-09-14
BANKNIFTY39000PE,14-09-2022 12:26:00,145.9,147.25,143.5,146.95,9875,498975,2022-09-14
BANKNIFTY39000PE,14-09-2022 12:27:00,146.95,148.75,146.55,148.0,5025,498325,2022-09-14
BANKNIFTY39000PE,14-09-2022 12:28:00,148.0,148.75,147.25,148.5,2550,498325,2022-09-14
BANKNIFTY39000PE,14-09-2022 12:29:00,147.65,149.0,147.35,148.55,2000,498325,2022-09-14
BANKNIFTY39000PE,14-09-2022 12:30:00,148.55,149.3,147.2,147.95,5025,497525,2022-09-14
BANKNIFTY39000PE,14-09-2022 12:31:00,147.95,148.15,146.0,147.0,5300,497525,2022-09-14
BANKNIFTY39000PE,14-09-2022 12:32:00,146.75,147.25,144.35,144.55,7400,497525,2022-09-14
BANKNIFTY39000PE,14-09-2022 12:33:00,145.0,146.25,143.3,145.85,6000,492050,2022-09-14
BANKNIFTY39000PE,14-09-2022 12:34:00,145.85,146.25,143.55,143.85,5975,492050,2022-09-14
BANKNIFTY39000PE,14-09-2022 12:35:00,144.2,145.05,143.1,143.2,4725,492050,2022-09-14
BANKNIFTY39000PE,14-09-2022 12:36:00,143.2,143.5,140.5,141.1,12175,488975,2022-09-14
BANKNIFTY39000PE,14-09-2022 12:37:00,140.5,141.4,140.05,140.95,14725,488975,2022-09-14
BANKNIFTY39000PE,14-09-2022 12:38:00,140.8,141.1,139.2,139.2,5950,488975,2022-09-14
BANKNIFTY39000PE,14-09-2022 12:39:00,138.5,140.1,137.6,137.9,12125,484975,2022-09-14
BANKNIFTY39000PE,14-09-2022 12:40:00,137.9,138.25,136.55,137.7,7600,484975,2022-09-14
BANKNIFTY39000PE,14-09-2022 12:41:00,137.7,139.85,137.55,139.25,4325,484975,2022-09-14
BANKNIFTY39000PE,14-09-2022 12:42:00,139.3,141.2,138.95,140.4,9425,487000,2022-09-14
BANKNIFTY39000PE,14-09-2022 12:43:00,139.8,141.35,139.65,139.8,2650,487000,2022-09-14
BANKNIFTY39000PE,14-09-2022 12:44:00,139.8,140.65,139.2,139.2,3150,487000,2022-09-14
BANKNIFTY39000PE,14-09-2022 12:45:00,139.15,139.35,137.5,139.0,3675,485975,2022-09-14
BANKNIFTY39000PE,14-09-2022 12:46:00,139.05,141.0,138.15,141.0,2000,485975,2022-09-14
BANKNIFTY39000PE,14-09-2022 12:47:00,141.0,143.5,140.75,143.05,2725,485975,2022-09-14
BANKNIFTY39000PE,14-09-2022 12:48:00,143.05,147.35,142.25,146.35,6625,485900,2022-09-14
BANKNIFTY39000PE,14-09-2022 12:49:00,146.7,149.45,144.75,149.05,2725,485900,2022-09-14
BANKNIFTY39000PE,14-09-2022 12:50:00,149.5,149.5,145.15,145.75,3725,485900,2022-09-14
BANKNIFTY39000PE,14-09-2022 12:51:00,145.0,147.45,143.7,146.1,8300,483675,2022-09-14
BANKNIFTY39000PE,14-09-2022 12:52:00,145.7,146.65,144.45,145.7,3350,483675,2022-09-14
BANKNIFTY39000PE,14-09-2022 12:53:00,145.7,148.5,145.5,147.05,1400,483675,2022-09-14
BANKNIFTY39000PE,14-09-2022 12:54:00,148.0,148.5,146.25,147.0,3050,477925,2022-09-14
BANKNIFTY39000PE,14-09-2022 12:55:00,147.95,148.45,146.4,146.4,1650,477925,2022-09-14
BANKNIFTY39000PE,14-09-2022 12:56:00,146.4,147.1,144.75,145.65,2375,477925,2022-09-14
BANKNIFTY39000PE,14-09-2022 12:57:00,145.55,147.6,145.55,147.6,1375,477150,2022-09-14
BANKNIFTY39000PE,14-09-2022 12:58:00,147.6,148.5,146.0,148.5,975,477150,2022-09-14
BANKNIFTY39000PE,14-09-2022 12:59:00,148.5,148.85,146.95,147.95,1525,477150,2022-09-14
BANKNIFTY39000PE,14-09-2022 13:00:00,147.7,149.0,146.95,147.3,1650,477725,2022-09-14
BANKNIFTY39000PE,14-09-2022 13:01:00,145.35,145.5,143.55,144.0,1900,477725,2022-09-14
BANKNIFTY39000PE,14-09-2022 13:02:00,144.0,146.15,143.9,146.15,875,477725,2022-09-14
BANKNIFTY39000PE,14-09-2022 13:03:00,146.15,146.4,145.25,145.5,1500,477975,2022-09-14
BANKNIFTY39000PE,14-09-2022 13:04:00,144.95,145.5,144.1,145.5,1175,477975,2022-09-14
BANKNIFTY39000PE,14-09-2022 13:05:00,145.5,146.25,145.5,145.9,1150,477975,2022-09-14
BANKNIFTY39000PE,14-09-2022 13:06:00,145.85,145.85,143.45,145.1,950,477800,2022-09-14
BANKNIFTY39000PE,14-09-2022 13:07:00,145.1,145.1,142.4,143.25,1900,477800,2022-09-14
BANKNIFTY39000PE,14-09-2022 13:08:00,142.85,145.6,142.85,144.75,2950,477800,2022-09-14
BANKNIFTY39000PE,14-09-2022 13:09:00,145.2,145.8,145.0,145.55,1175,480050,2022-09-14
BANKNIFTY39000PE,14-09-2022 13:10:00,146.0,146.15,146.0,146.15,275,480050,2022-09-14
BANKNIFTY39000PE,14-09-2022 13:11:00,145.85,145.85,143.15,143.5,550,480050,2022-09-14
BANKNIFTY39000PE,14-09-2022 13:12:00,143.5,144.45,143.35,144.25,1200,479825,2022-09-14
BANKNIFTY39000PE,14-09-2022 13:13:00,144.25,144.75,144.25,144.75,225,479825,2022-09-14
BANKNIFTY39000PE,14-09-2022 13:14:00,144.3,144.3,141.5,141.7,1900,479825,2022-09-14
BANKNIFTY39000PE,14-09-2022 13:15:00,141.7,142.55,140.95,142.4,1125,479600,2022-09-14
BANKNIFTY39000PE,14-09-2022 13:16:00,140.0,141.2,139.4,139.45,2175,479600,2022-09-14
BANKNIFTY39000PE,14-09-2022 13:17:00,139.45,140.05,138.4,139.05,725,479600,2022-09-14
BANKNIFTY39000PE,14-09-2022 13:18:00,139.05,139.05,136.05,137.1,2875,479300,2022-09-14
BANKNIFTY39000PE,14-09-2022 13:19:00,135.65,137.75,135.35,137.15,2550,479300,2022-09-14
BANKNIFTY39000PE,14-09-2022 13:20:00,139.0,143.45,139.0,143.1,4625,479300,2022-09-14
BANKNIFTY39000PE,14-09-2022 13:21:00,142.8,145.5,142.8,145.0,2175,476750,2022-09-14
BANKNIFTY39000PE,14-09-2022 13:22:00,145.9,147.45,145.8,146.75,1325,476750,2022-09-14
BANKNIFTY39000PE,14-09-2022 13:23:00,146.9,146.95,143.45,143.45,1900,476750,2022-09-14
BANKNIFTY39000PE,14-09-2022 13:24:00,143.3,143.8,142.0,143.75,3375,475950,2022-09-14
BANKNIFTY39000PE,14-09-2022 13:25:00,142.8,144.1,142.7,144.1,1850,475950,2022-09-14
BANKNIFTY39000PE,14-09-2022 13:26:00,144.1,144.4,142.55,143.55,800,475950,2022-09-14
BANKNIFTY39000PE,14-09-2022 13:27:00,143.15,144.6,142.85,144.05,900,474575,2022-09-14
BANKNIFTY39000PE,14-09-2022 13:28:00,144.05,144.15,143.75,144.15,925,474575,2022-09-14
BANKNIFTY39000PE,14-09-2022 13:29:00,144.15,144.55,143.55,143.55,725,474575,2022-09-14
BANKNIFTY39000PE,14-09-2022 13:30:00,142.9,144.7,142.9,143.3,1300,474700,2022-09-14
BANKNIFTY39000PE,14-09-2022 13:31:00,143.0,144.2,143.0,143.3,1450,474700,2022-09-14
BANKNIFTY39000PE,14-09-2022 13:32:00,144.2,144.85,143.0,143.0,2425,474700,2022-09-14
BANKNIFTY39000PE,14-09-2022 13:33:00,143.0,143.0,140.45,142.15,1800,474975,2022-09-14
BANKNIFTY39000PE,14-09-2022 13:34:00,141.8,142.7,140.15,140.95,2600,474975,2022-09-14
BANKNIFTY39000PE,14-09-2022 13:35:00,140.95,142.7,140.5,140.5,2325,474975,2022-09-14
BANKNIFTY39000PE,14-09-2022 13:36:00,140.5,143.05,140.5,142.1,2025,472650,2022-09-14
BANKNIFTY39000PE,14-09-2022 13:37:00,141.5,141.65,140.05,140.2,3325,472650,2022-09-14
BANKNIFTY39000PE,14-09-2022 13:38:00,140.0,140.0,138.0,138.7,2425,472650,2022-09-14
BANKNIFTY39000PE,14-09-2022 13:39:00,138.7,139.3,138.2,139.05,2275,471625,2022-09-14
BANKNIFTY39000PE,14-09-2022 13:40:00,139.05,144.15,139.05,144.15,1325,471625,2022-09-14
BANKNIFTY39000PE,14-09-2022 13:41:00,144.15,145.0,142.15,144.85,2000,471625,2022-09-14
BANKNIFTY39000PE,14-09-2022 13:42:00,144.85,145.3,143.8,144.8,1400,470975,2022-09-14
BANKNIFTY39000PE,14-09-2022 13:43:00,144.8,144.85,143.15,143.55,550,470975,2022-09-14
BANKNIFTY39000PE,14-09-2022 13:44:00,144.75,144.75,143.65,143.65,625,470975,2022-09-14
BANKNIFTY39000PE,14-09-2022 13:45:00,143.65,145.8,143.55,145.8,1400,470800,2022-09-14
BANKNIFTY39000PE,14-09-2022 13:46:00,145.55,146.0,144.5,144.6,1350,470800,2022-09-14
BANKNIFTY39000PE,14-09-2022 13:47:00,144.5,146.6,143.85,146.6,3350,470800,2022-09-14
BANKNIFTY39000PE,14-09-2022 13:48:00,146.6,146.65,145.25,146.05,2350,471250,2022-09-14
BANKNIFTY39000PE,14-09-2022 13:49:00,146.05,146.8,145.75,146.45,2150,471250,2022-09-14
BANKNIFTY39000PE,14-09-2022 13:50:00,146.45,148.1,146.0,148.05,925,471250,2022-09-14
BANKNIFTY39000PE,14-09-2022 13:51:00,149.2,150.55,148.25,149.45,3400,473400,2022-09-14
BANKNIFTY39000PE,14-09-2022 13:52:00,149.45,149.6,147.3,149.05,2150,473400,2022-09-14
BANKNIFTY39000PE,14-09-2022 13:53:00,149.05,152.0,148.75,150.8,1875,473400,2022-09-14
BANKNIFTY39000PE,14-09-2022 13:54:00,150.6,151.9,146.95,147.65,3075,470875,2022-09-14
BANKNIFTY39000PE,14-09-2022 13:55:00,147.65,148.0,145.25,146.0,3600,470875,2022-09-14
BANKNIFTY39000PE,14-09-2022 13:56:00,146.4,152.35,146.4,152.35,1850,470875,2022-09-14
BANKNIFTY39000PE,14-09-2022 13:57:00,153.0,153.35,148.1,148.1,750,469200,2022-09-14
BANKNIFTY39000PE,14-09-2022 13:58:00,148.45,148.45,147.0,147.9,1225,469200,2022-09-14
BANKNIFTY39000PE,14-09-2022 13:59:00,146.5,149.7,146.5,148.0,625,469200,2022-09-14
BANKNIFTY39000PE,14-09-2022 14:00:00,147.0,147.0,143.0,143.0,2850,469800,2022-09-14
BANKNIFTY39000PE,14-09-2022 14:01:00,143.0,144.0,141.3,142.85,1525,469800,2022-09-14
BANKNIFTY39000PE,14-09-2022 14:02:00,142.8,142.8,138.55,138.55,2450,469800,2022-09-14
BANKNIFTY39000PE,14-09-2022 14:03:00,138.55,140.55,138.55,140.15,1075,469300,2022-09-14
BANKNIFTY39000PE,14-09-2022 14:04:00,140.15,141.25,140.15,140.3,1975,469300,2022-09-14
BANKNIFTY39000PE,14-09-2022 14:05:00,140.3,140.65,136.55,137.6,1625,469300,2022-09-14
BANKNIFTY39000PE,14-09-2022 14:06:00,137.4,138.0,134.1,134.25,5675,467700,2022-09-14
BANKNIFTY39000PE,14-09-2022 14:07:00,134.65,134.65,132.3,133.65,5025,467700,2022-09-14
BANKNIFTY39000PE,14-09-2022 14:08:00,133.65,135.1,133.65,134.7,4400,467700,2022-09-14
BANKNIFTY39000PE,14-09-2022 14:09:00,134.7,135.2,133.5,133.5,1925,468325,2022-09-14
BANKNIFTY39000PE,14-09-2022 14:10:00,133.9,133.9,132.0,132.1,1275,468325,2022-09-14
BANKNIFTY39000PE,14-09-2022 14:11:00,131.95,133.55,131.95,132.05,1700,468325,2022-09-14
BANKNIFTY39000PE,14-09-2022 14:12:00,132.05,133.2,132.05,132.35,1325,467325,2022-09-14
BANKNIFTY39000PE,14-09-2022 14:13:00,132.6,132.75,131.7,131.7,1975,467325,2022-09-14
BANKNIFTY39000PE,14-09-2022 14:14:00,131.7,131.7,129.25,129.95,2350,467325,2022-09-14
BANKNIFTY39000PE,14-09-2022 14:15:00,129.95,131.05,129.5,129.95,1175,467425,2022-09-14
BANKNIFTY39000PE,14-09-2022 14:16:00,129.95,131.45,129.95,131.4,3075,467425,2022-09-14
BANKNIFTY39000PE,14-09-2022 14:17:00,131.4,132.5,130.55,131.1,2100,467425,2022-09-14
BANKNIFTY39000PE,14-09-2022 14:18:00,131.1,131.6,130.5,131.55,3775,467500,2022-09-14
BANKNIFTY39000PE,14-09-2022 14:19:00,130.85,131.9,130.1,130.1,1875,467500,2022-09-14
BANKNIFTY39000PE,14-09-2022 14:20:00,130.1,131.2,129.5,129.95,4925,467500,2022-09-14
BANKNIFTY39000PE,14-09-2022 14:21:00,129.95,130.1,129.3,129.3,2325,467325,2022-09-14
BANKNIFTY39000PE,14-09-2022 14:22:00,128.9,129.4,126.8,127.95,3300,467325,2022-09-14
BANKNIFTY39000PE,14-09-2022 14:23:00,128.0,128.25,126.5,126.55,3525,467325,2022-09-14
BANKNIFTY39000PE,14-09-2022 14:24:00,126.55,126.9,124.25,124.25,2150,468750,2022-09-14
BANKNIFTY39000PE,14-09-2022 14:25:00,124.0,125.35,123.65,124.35,5050,468750,2022-09-14
BANKNIFTY39000PE,14-09-2022 14:26:00,124.35,124.35,122.0,122.55,2700,468750,2022-09-14
BANKNIFTY39000PE,14-09-2022 14:27:00,122.5,123.25,122.05,122.45,3675,469525,2022-09-14
BANKNIFTY39000PE,14-09-2022 14:28:00,122.15,126.0,121.85,125.75,3000,469525,2022-09-14
BANKNIFTY39000PE,14-09-2022 14:29:00,126.05,126.55,125.7,126.0,3850,469525,2022-09-14
BANKNIFTY39000PE,14-09-2022 14:30:00,125.75,127.45,125.5,127.25,3550,468275,2022-09-14
BANKNIFTY39000PE,14-09-2022 14:31:00,127.8,129.0,126.55,128.85,5200,468275,2022-09-14
BANKNIFTY39000PE,14-09-2022 14:32:00,128.8,130.15,128.8,129.5,6150,468275,2022-09-14
BANKNIFTY39000PE,14-09-2022 14:33:00,129.85,130.25,128.3,128.55,4225,465325,2022-09-14
BANKNIFTY39000PE,14-09-2022 14:34:00,129.1,132.1,128.45,132.1,2725,465325,2022-09-14
BANKNIFTY39000PE,14-09-2022 14:35:00,131.9,133.15,131.9,132.0,5400,465325,2022-09-14
BANKNIFTY39000PE,14-09-2022 14:36:00,132.0,132.0,129.6,130.25,4675,460100,2022-09-14
BANKNIFTY39000PE,14-09-2022 14:37:00,130.45,130.7,129.25,129.95,2250,460100,2022-09-14
BANKNIFTY39000PE,14-09-2022 14:38:00,130.05,130.8,129.95,130.8,1375,460100,2022-09-14
BANKNIFTY39000PE,14-09-2022 14:39:00,130.65,132.2,129.9,130.05,2250,459900,2022-09-14
BANKNIFTY39000PE,14-09-2022 14:40:00,129.95,131.85,129.95,131.2,8325,459900,2022-09-14
BANKNIFTY39000PE,14-09-2022 14:41:00,130.85,131.25,129.4,130.05,1525,459900,2022-09-14
BANKNIFTY39000PE,14-09-2022 14:42:00,130.0,130.2,129.0,129.4,4850,465325,2022-09-14
BANKNIFTY39000PE,14-09-2022 14:43:00,129.5,130.0,128.55,128.55,2725,465325,2022-09-14
BANKNIFTY39000PE,14-09-2022 14:44:00,128.2,129.0,128.05,129.0,1475,465325,2022-09-14
BANKNIFTY39000PE,14-09-2022 14:45:00,129.3,129.85,128.4,129.2,2700,464900,2022-09-14
BANKNIFTY39000PE,14-09-2022 14:46:00,129.0,130.2,128.65,129.95,3450,464900,2022-09-14
BANKNIFTY39000PE,14-09-2022 14:47:00,129.9,130.75,129.35,129.5,3875,464900,2022-09-14
BANKNIFTY39000PE,14-09-2022 14:48:00,130.0,134.5,130.0,133.4,2975,460375,2022-09-14
BANKNIFTY39000PE,14-09-2022 14:49:00,133.4,134.8,132.1,134.7,4425,460375,2022-09-14
BANKNIFTY39000PE,14-09-2022 14:50:00,134.95,137.3,134.95,136.9,1900,460375,2022-09-14
BANKNIFTY39000PE,14-09-2022 14:51:00,136.9,137.25,134.5,134.85,3350,460725,2022-09-14
BANKNIFTY39000PE,14-09-2022 14:52:00,134.85,134.85,131.5,132.45,2250,460725,2022-09-14
BANKNIFTY39000PE,14-09-2022 14:53:00,132.45,135.05,132.45,135.05,8575,460725,2022-09-14
BANKNIFTY39000PE,14-09-2022 14:54:00,135.8,135.8,133.55,133.55,825,466800,2022-09-14
BANKNIFTY39000PE,14-09-2022 14:55:00,133.55,133.65,131.5,131.55,1525,466800,2022-09-14
BANKNIFTY39000PE,14-09-2022 14:56:00,131.5,135.1,131.5,134.1,1775,466800,2022-09-14
BANKNIFTY39000PE,14-09-2022 14:57:00,133.85,135.0,133.85,134.0,950,466150,2022-09-14
BANKNIFTY39000PE,14-09-2022 14:58:00,135.0,136.0,134.55,134.55,1350,466150,2022-09-14
BANKNIFTY39000PE,14-09-2022 14:59:00,135.15,136.05,135.15,135.75,2150,466150,2022-09-14
BANKNIFTY39000PE,14-09-2022 15:00:00,135.75,140.0,132.1,139.15,6875,466125,2022-09-14
BANKNIFTY39000PE,14-09-2022 15:01:00,139.15,141.95,138.85,141.0,4350,466125,2022-09-14
BANKNIFTY39000PE,14-09-2022 15:02:00,141.0,141.5,137.1,138.65,1550,466125,2022-09-14
BANKNIFTY39000PE,14-09-2022 15:03:00,138.35,142.2,138.35,140.4,4175,464875,2022-09-14
BANKNIFTY39000PE,14-09-2022 15:04:00,140.4,141.85,136.25,137.7,4775,464875,2022-09-14
BANKNIFTY39000PE,14-09-2022 15:05:00,137.65,140.1,137.4,137.4,5375,464875,2022-09-14
BANKNIFTY39000PE,14-09-2022 15:06:00,137.85,139.0,136.0,139.0,3350,465025,2022-09-14
BANKNIFTY39000PE,14-09-2022 15:07:00,138.6,140.15,138.1,138.6,2475,465025,2022-09-14
BANKNIFTY39000PE,14-09-2022 15:08:00,138.6,140.15,138.2,140.15,2000,465025,2022-09-14
BANKNIFTY39000PE,14-09-2022 15:09:00,139.85,142.2,139.85,142.2,5100,465325,2022-09-14
BANKNIFTY39000PE,14-09-2022 15:10:00,142.2,143.1,141.4,143.0,2225,465325,2022-09-14
BANKNIFTY39000PE,14-09-2022 15:11:00,142.95,147.45,142.95,147.4,5125,465325,2022-09-14
BANKNIFTY39000PE,14-09-2022 15:12:00,147.15,148.4,143.55,146.25,7400,467300,2022-09-14
BANKNIFTY39000PE,14-09-2022 15:13:00,146.25,149.1,146.2,149.05,3100,467300,2022-09-14
BANKNIFTY39000PE,14-09-2022 15:14:00,149.65,152.25,149.3,151.6,4075,467300,2022-09-14
BANKNIFTY39000PE,14-09-2022 15:15:00,151.65,152.7,144.15,148.5,4875,466325,2022-09-14
BANKNIFTY39000PE,14-09-2022 15:16:00,148.65,151.1,147.8,151.05,3850,466325,2022-09-14
BANKNIFTY39000PE,14-09-2022 15:17:00,151.25,152.5,150.6,151.0,4900,466325,2022-09-14
BANKNIFTY39000PE,14-09-2022 15:18:00,151.95,151.95,147.05,147.5,4350,467900,2022-09-14
BANKNIFTY39000PE,14-09-2022 15:19:00,147.35,147.75,143.15,144.55,4725,467900,2022-09-14
BANKNIFTY39000PE,14-09-2022 15:20:00,144.65,148.6,144.65,147.15,3525,467900,2022-09-14
BANKNIFTY39000PE,14-09-2022 15:21:00,147.35,149.0,147.15,149.0,4050,467750,2022-09-14
BANKNIFTY39000PE,14-09-2022 15:22:00,149.05,149.85,147.45,148.2,1425,467750,2022-09-14
BANKNIFTY39000PE,14-09-2022 15:23:00,148.5,151.15,148.5,151.1,6325,467750,2022-09-14
BANKNIFTY39000PE,14-09-2022 15:24:00,151.1,151.1,146.0,148.4,5600,466875,2022-09-14
BANKNIFTY39000PE,14-09-2022 15:25:00,148.4,148.4,137.05,138.7,13625,466875,2022-09-14
BANKNIFTY39000PE,14-09-2022 15:26:00,139.1,141.5,139.05,141.5,5400,466875,2022-09-14
BANKNIFTY39000PE,14-09-2022 15:27:00,141.3,144.25,140.65,143.85,5400,466300,2022-09-14
BANKNIFTY39000PE,14-09-2022 15:28:00,143.85,146.0,142.8,145.0,5025,466300,2022-09-14
BANKNIFTY39000PE,14-09-2022 15:29:00,145.15,145.15,140.0,140.0,1975,466300,2022-09-14
