Ticker,Date/Time,Open,High,Low,Close,Volume,Open Interest,Date
BANKNIFTYWK37100CE,01-04-2022 09:15:00,180.05,187.85,160.3,174.75,41825,61000,2022-04-01
BANKNIFTYWK37100CE,01-04-2022 09:16:00,176.1,187.25,169.8,184.1,15575,61000,2022-04-01
BANKNIFTYWK37100CE,01-04-2022 09:17:00,183.25,183.25,170.5,176.4,18100,62900,2022-04-01
BANKNIFTYWK37100CE,01-04-2022 09:18:00,178.4,203.1,176.0,194.8,29625,62900,2022-04-01
BANKNIFTYWK37100CE,01-04-2022 09:19:00,194.9,217.7,194.9,212.25,41500,62900,2022-04-01
BANKNIFTYWK37100CE,01-04-2022 09:20:00,213.45,220.8,205.0,220.8,30625,72675,2022-04-01
BANKNIFTYWK37100CE,01-04-2022 09:21:00,219.65,231.55,217.2,229.55,40700,72675,2022-04-01
BANKNIFTYWK37100CE,01-04-2022 09:22:00,229.6,231.0,221.45,224.75,21175,72675,2022-04-01
BANKNIFTYWK37100CE,01-04-2022 09:23:00,224.7,231.0,221.35,222.0,34000,88300,2022-04-01
BANKNIFTYWK37100CE,01-04-2022 09:24:00,222.2,222.6,214.0,214.0,20600,88300,2022-04-01
BANKNIFTYWK37100CE,01-04-2022 09:25:00,211.1,215.85,206.3,215.0,16700,88300,2022-04-01
BANKNIFTYWK37100CE,01-04-2022 09:26:00,213.4,216.25,206.95,207.25,16925,96225,2022-04-01
BANKNIFTYWK37100CE,01-04-2022 09:27:00,206.65,206.65,198.0,202.7,26250,96225,2022-04-01
BANKNIFTYWK37100CE,01-04-2022 09:28:00,201.95,202.6,193.85,202.6,18375,96225,2022-04-01
BANKNIFTYWK37100CE,01-04-2022 09:29:00,202.15,202.5,193.9,197.2,20650,109750,2022-04-01
BANKNIFTYWK37100CE,01-04-2022 09:30:00,195.95,200.6,191.3,195.65,19475,109750,2022-04-01
BANKNIFTYWK37100CE,01-04-2022 09:31:00,195.2,204.85,190.7,202.05,19100,109750,2022-04-01
BANKNIFTYWK37100CE,01-04-2022 09:32:00,202.75,227.15,201.95,220.55,37525,113500,2022-04-01
BANKNIFTYWK37100CE,01-04-2022 09:33:00,221.05,224.35,212.0,212.0,13300,113500,2022-04-01
BANKNIFTYWK37100CE,01-04-2022 09:34:00,211.35,216.0,208.0,215.15,13375,113500,2022-04-01
BANKNIFTYWK37100CE,01-04-2022 09:35:00,215.15,225.55,211.95,219.7,18700,116075,2022-04-01
BANKNIFTYWK37100CE,01-04-2022 09:36:00,220.25,221.85,211.9,213.1,11550,116075,2022-04-01
BANKNIFTYWK37100CE,01-04-2022 09:37:00,215.55,218.8,212.75,214.3,10925,116075,2022-04-01
BANKNIFTYWK37100CE,01-04-2022 09:38:00,214.35,222.3,211.75,222.0,13525,122975,2022-04-01
BANKNIFTYWK37100CE,01-04-2022 09:39:00,222.1,226.15,214.6,217.35,22150,122975,2022-04-01
BANKNIFTYWK37100CE,01-04-2022 09:40:00,216.35,218.4,212.6,212.6,11900,122975,2022-04-01
BANKNIFTYWK37100CE,01-04-2022 09:41:00,212.55,216.7,211.05,211.85,11500,128675,2022-04-01
BANKNIFTYWK37100CE,01-04-2022 09:42:00,212.0,222.15,209.5,221.8,12850,128675,2022-04-01
BANKNIFTYWK37100CE,01-04-2022 09:43:00,221.1,222.6,216.75,217.75,17125,128675,2022-04-01
BANKNIFTYWK37100CE,01-04-2022 09:44:00,217.6,227.0,216.05,225.3,24575,129275,2022-04-01
BANKNIFTYWK37100CE,01-04-2022 09:45:00,225.75,235.95,225.75,226.8,35325,129275,2022-04-01
BANKNIFTYWK37100CE,01-04-2022 09:46:00,227.65,231.9,226.2,227.8,12625,129275,2022-04-01
BANKNIFTYWK37100CE,01-04-2022 09:47:00,226.8,230.15,222.4,227.1,15900,130300,2022-04-01
BANKNIFTYWK37100CE,01-04-2022 09:48:00,227.1,228.0,222.55,224.05,6100,130300,2022-04-01
BANKNIFTYWK37100CE,01-04-2022 09:49:00,225.0,233.5,224.4,232.6,15100,130300,2022-04-01
BANKNIFTYWK37100CE,01-04-2022 09:50:00,232.95,232.95,222.0,222.0,14000,133650,2022-04-01
BANKNIFTYWK37100CE,01-04-2022 09:51:00,222.5,222.5,215.0,220.45,15575,133650,2022-04-01
BANKNIFTYWK37100CE,01-04-2022 09:52:00,220.5,221.9,217.2,221.4,6175,133650,2022-04-01
BANKNIFTYWK37100CE,01-04-2022 09:53:00,220.8,232.0,220.8,227.45,30875,136050,2022-04-01
BANKNIFTYWK37100CE,01-04-2022 09:54:00,226.8,229.45,222.5,227.0,19000,136050,2022-04-01
BANKNIFTYWK37100CE,01-04-2022 09:55:00,227.45,231.65,226.8,229.65,14550,136050,2022-04-01
BANKNIFTYWK37100CE,01-04-2022 09:56:00,231.0,245.0,229.45,242.0,45700,137350,2022-04-01
BANKNIFTYWK37100CE,01-04-2022 09:57:00,241.65,254.55,241.5,245.45,49525,137350,2022-04-01
BANKNIFTYWK37100CE,01-04-2022 09:58:00,244.85,256.45,241.6,251.75,31550,137350,2022-04-01
BANKNIFTYWK37100CE,01-04-2022 09:59:00,251.0,254.15,248.3,253.7,26275,137950,2022-04-01
BANKNIFTYWK37100CE,01-04-2022 10:00:00,254.25,270.95,254.25,267.45,56475,137950,2022-04-01
BANKNIFTYWK37100CE,01-04-2022 10:01:00,267.15,268.35,261.95,263.45,22400,137950,2022-04-01
BANKNIFTYWK37100CE,01-04-2022 10:02:00,263.25,266.25,257.7,261.9,28575,140875,2022-04-01
BANKNIFTYWK37100CE,01-04-2022 10:03:00,261.65,272.35,261.65,268.95,24050,140875,2022-04-01
BANKNIFTYWK37100CE,01-04-2022 10:04:00,269.7,271.0,264.3,267.9,28400,140875,2022-04-01
BANKNIFTYWK37100CE,01-04-2022 10:05:00,268.0,273.2,265.15,265.25,20875,144075,2022-04-01
BANKNIFTYWK37100CE,01-04-2022 10:06:00,265.4,266.6,259.0,261.65,23975,144075,2022-04-01
BANKNIFTYWK37100CE,01-04-2022 10:07:00,261.95,264.75,258.0,260.4,13025,144075,2022-04-01
BANKNIFTYWK37100CE,01-04-2022 10:08:00,261.1,265.5,261.1,263.7,8950,153275,2022-04-01
BANKNIFTYWK37100CE,01-04-2022 10:09:00,263.8,267.9,260.25,267.25,13250,153275,2022-04-01
BANKNIFTYWK37100CE,01-04-2022 10:10:00,268.3,276.95,260.1,261.7,33600,153275,2022-04-01
BANKNIFTYWK37100CE,01-04-2022 10:11:00,261.6,262.9,251.4,261.55,26075,156550,2022-04-01
BANKNIFTYWK37100CE,01-04-2022 10:12:00,261.35,264.1,257.6,262.0,15075,156550,2022-04-01
BANKNIFTYWK37100CE,01-04-2022 10:13:00,261.85,263.6,258.45,260.95,18475,156550,2022-04-01
BANKNIFTYWK37100CE,01-04-2022 10:14:00,261.45,264.55,257.0,257.0,10800,156375,2022-04-01
BANKNIFTYWK37100CE,01-04-2022 10:15:00,257.0,260.25,254.0,258.55,14175,156375,2022-04-01
BANKNIFTYWK37100CE,01-04-2022 10:16:00,258.05,263.2,257.4,262.6,11200,156375,2022-04-01
BANKNIFTYWK37100CE,01-04-2022 10:17:00,262.0,262.0,255.0,256.2,9500,161200,2022-04-01
BANKNIFTYWK37100CE,01-04-2022 10:18:00,256.45,261.15,255.25,261.05,8900,161200,2022-04-01
BANKNIFTYWK37100CE,01-04-2022 10:19:00,260.7,274.45,258.75,274.45,22750,161200,2022-04-01
BANKNIFTYWK37100CE,01-04-2022 10:20:00,275.0,289.85,274.6,286.0,58550,157500,2022-04-01
BANKNIFTYWK37100CE,01-04-2022 10:21:00,286.75,288.85,281.05,282.1,28875,157500,2022-04-01
BANKNIFTYWK37100CE,01-04-2022 10:22:00,281.9,283.6,279.85,283.0,18000,157500,2022-04-01
BANKNIFTYWK37100CE,01-04-2022 10:23:00,283.0,292.0,281.05,290.05,26375,168400,2022-04-01
BANKNIFTYWK37100CE,01-04-2022 10:24:00,288.5,290.55,282.2,285.6,24200,168400,2022-04-01
BANKNIFTYWK37100CE,01-04-2022 10:25:00,286.9,297.6,286.9,293.6,46975,168400,2022-04-01
BANKNIFTYWK37100CE,01-04-2022 10:26:00,292.9,295.95,290.2,293.85,23475,173000,2022-04-01
BANKNIFTYWK37100CE,01-04-2022 10:27:00,294.2,294.2,288.25,290.6,29775,173000,2022-04-01
BANKNIFTYWK37100CE,01-04-2022 10:28:00,289.85,293.4,288.0,290.9,13000,173000,2022-04-01
BANKNIFTYWK37100CE,01-04-2022 10:29:00,292.15,309.15,291.5,309.15,40725,177200,2022-04-01
BANKNIFTYWK37100CE,01-04-2022 10:30:00,309.45,310.6,297.0,299.55,50950,177200,2022-04-01
BANKNIFTYWK37100CE,01-04-2022 10:31:00,300.55,303.45,298.3,300.25,18075,177200,2022-04-01
BANKNIFTYWK37100CE,01-04-2022 10:32:00,300.55,301.8,292.8,293.95,20125,175200,2022-04-01
BANKNIFTYWK37100CE,01-04-2022 10:33:00,293.45,299.2,290.85,294.8,20425,175200,2022-04-01
BANKNIFTYWK37100CE,01-04-2022 10:34:00,295.55,299.9,291.45,291.75,16375,175200,2022-04-01
BANKNIFTYWK37100CE,01-04-2022 10:35:00,291.0,295.45,290.45,291.6,16700,182450,2022-04-01
BANKNIFTYWK37100CE,01-04-2022 10:36:00,291.95,293.2,287.1,288.35,14700,182450,2022-04-01
BANKNIFTYWK37100CE,01-04-2022 10:37:00,289.55,294.0,288.5,293.0,8475,182450,2022-04-01
BANKNIFTYWK37100CE,01-04-2022 10:38:00,292.0,297.0,290.0,290.35,11875,186100,2022-04-01
BANKNIFTYWK37100CE,01-04-2022 10:39:00,291.1,292.3,289.8,291.1,7100,186100,2022-04-01
BANKNIFTYWK37100CE,01-04-2022 10:40:00,291.1,295.1,288.05,295.1,20350,186100,2022-04-01
BANKNIFTYWK37100CE,01-04-2022 10:41:00,295.2,295.2,288.3,289.85,16075,188275,2022-04-01
BANKNIFTYWK37100CE,01-04-2022 10:42:00,289.0,289.5,282.6,286.45,25550,188275,2022-04-01
BANKNIFTYWK37100CE,01-04-2022 10:43:00,285.5,286.0,277.7,281.2,16150,188275,2022-04-01
BANKNIFTYWK37100CE,01-04-2022 10:44:00,282.7,288.55,281.2,288.15,7725,184625,2022-04-01
BANKNIFTYWK37100CE,01-04-2022 10:45:00,288.2,298.6,286.85,298.6,16575,184625,2022-04-01
BANKNIFTYWK37100CE,01-04-2022 10:46:00,297.7,301.8,292.7,295.0,33075,184625,2022-04-01
BANKNIFTYWK37100CE,01-04-2022 10:47:00,293.0,293.8,284.05,284.05,21150,198175,2022-04-01
BANKNIFTYWK37100CE,01-04-2022 10:48:00,284.0,284.65,278.5,280.0,13650,198175,2022-04-01
BANKNIFTYWK37100CE,01-04-2022 10:49:00,280.75,281.0,274.8,280.0,18750,198175,2022-04-01
BANKNIFTYWK37100CE,01-04-2022 10:50:00,279.7,284.0,278.0,282.3,9075,200950,2022-04-01
BANKNIFTYWK37100CE,01-04-2022 10:51:00,282.15,287.2,281.85,284.5,7700,200950,2022-04-01
BANKNIFTYWK37100CE,01-04-2022 10:52:00,285.0,289.6,283.55,285.75,10575,200950,2022-04-01
BANKNIFTYWK37100CE,01-04-2022 10:53:00,285.0,285.0,275.0,278.5,12925,205075,2022-04-01
BANKNIFTYWK37100CE,01-04-2022 10:54:00,279.7,279.7,272.0,273.15,8725,205075,2022-04-01
BANKNIFTYWK37100CE,01-04-2022 10:55:00,272.5,279.2,271.6,276.7,9925,205075,2022-04-01
BANKNIFTYWK37100CE,01-04-2022 10:56:00,276.9,279.6,275.1,275.25,9950,203175,2022-04-01
BANKNIFTYWK37100CE,01-04-2022 10:57:00,275.25,276.65,267.8,271.95,15075,203175,2022-04-01
BANKNIFTYWK37100CE,01-04-2022 10:58:00,272.1,278.1,272.1,276.9,6150,203175,2022-04-01
BANKNIFTYWK37100CE,01-04-2022 10:59:00,276.6,277.35,274.0,275.5,2475,202000,2022-04-01
BANKNIFTYWK37100CE,01-04-2022 11:00:00,274.3,283.7,274.3,279.35,15850,202000,2022-04-01
BANKNIFTYWK37100CE,01-04-2022 11:01:00,278.75,279.2,272.15,272.8,6700,202000,2022-04-01
BANKNIFTYWK37100CE,01-04-2022 11:02:00,272.4,274.15,270.2,272.45,5200,203375,2022-04-01
BANKNIFTYWK37100CE,01-04-2022 11:03:00,273.0,275.6,270.45,272.45,6125,203375,2022-04-01
BANKNIFTYWK37100CE,01-04-2022 11:04:00,273.0,284.8,272.8,284.8,12150,203375,2022-04-01
BANKNIFTYWK37100CE,01-04-2022 11:05:00,284.7,297.65,284.7,292.75,35925,199475,2022-04-01
BANKNIFTYWK37100CE,01-04-2022 11:06:00,292.05,297.5,289.1,290.15,22850,199475,2022-04-01
BANKNIFTYWK37100CE,01-04-2022 11:07:00,290.6,302.75,290.6,298.7,38025,199475,2022-04-01
BANKNIFTYWK37100CE,01-04-2022 11:08:00,298.95,300.0,296.0,300.0,11950,202450,2022-04-01
BANKNIFTYWK37100CE,01-04-2022 11:09:00,300.1,308.8,300.1,306.0,27275,202450,2022-04-01
BANKNIFTYWK37100CE,01-04-2022 11:10:00,307.0,314.0,301.0,302.0,47725,202450,2022-04-01
BANKNIFTYWK37100CE,01-04-2022 11:11:00,302.6,305.25,301.5,302.0,19675,205300,2022-04-01
BANKNIFTYWK37100CE,01-04-2022 11:12:00,301.2,304.8,298.0,302.1,26600,205300,2022-04-01
BANKNIFTYWK37100CE,01-04-2022 11:13:00,302.45,303.3,299.1,301.1,17150,205300,2022-04-01
BANKNIFTYWK37100CE,01-04-2022 11:14:00,301.15,301.75,295.25,298.45,17750,215000,2022-04-01
BANKNIFTYWK37100CE,01-04-2022 11:15:00,297.7,300.4,292.0,295.75,19650,215000,2022-04-01
BANKNIFTYWK37100CE,01-04-2022 11:16:00,296.05,296.4,290.0,290.55,12550,215000,2022-04-01
BANKNIFTYWK37100CE,01-04-2022 11:17:00,290.65,293.1,288.7,292.5,13875,222675,2022-04-01
BANKNIFTYWK37100CE,01-04-2022 11:18:00,292.5,293.05,287.75,287.75,10350,222675,2022-04-01
BANKNIFTYWK37100CE,01-04-2022 11:19:00,288.05,291.45,287.25,290.65,6475,222675,2022-04-01
BANKNIFTYWK37100CE,01-04-2022 11:20:00,290.65,291.7,284.45,287.85,9875,220400,2022-04-01
BANKNIFTYWK37100CE,01-04-2022 11:21:00,288.5,291.25,284.3,284.8,7650,220400,2022-04-01
BANKNIFTYWK37100CE,01-04-2022 11:22:00,284.25,290.0,284.0,287.85,4050,220400,2022-04-01
BANKNIFTYWK37100CE,01-04-2022 11:23:00,287.35,292.5,287.15,290.25,6150,221150,2022-04-01
BANKNIFTYWK37100CE,01-04-2022 11:24:00,290.65,291.0,287.0,290.05,2725,221150,2022-04-01
BANKNIFTYWK37100CE,01-04-2022 11:25:00,289.35,290.35,281.95,286.55,10200,221150,2022-04-01
BANKNIFTYWK37100CE,01-04-2022 11:26:00,285.95,290.3,285.4,288.75,5975,226500,2022-04-01
BANKNIFTYWK37100CE,01-04-2022 11:27:00,289.45,292.7,288.5,288.5,12300,226500,2022-04-01
BANKNIFTYWK37100CE,01-04-2022 11:28:00,288.5,292.85,288.5,289.6,5625,226500,2022-04-01
BANKNIFTYWK37100CE,01-04-2022 11:29:00,289.9,290.5,285.0,285.0,7750,226200,2022-04-01
BANKNIFTYWK37100CE,01-04-2022 11:30:00,285.0,287.15,281.35,286.9,11375,226200,2022-04-01
BANKNIFTYWK37100CE,01-04-2022 11:31:00,288.2,288.8,285.4,286.6,7975,226200,2022-04-01
BANKNIFTYWK37100CE,01-04-2022 11:32:00,287.2,287.35,283.1,286.5,7000,229000,2022-04-01
BANKNIFTYWK37100CE,01-04-2022 11:33:00,286.65,289.55,285.4,288.45,2700,229000,2022-04-01
BANKNIFTYWK37100CE,01-04-2022 11:34:00,288.8,290.7,283.3,288.15,11825,229000,2022-04-01
BANKNIFTYWK37100CE,01-04-2022 11:35:00,288.2,296.1,288.2,291.0,21575,228350,2022-04-01
BANKNIFTYWK37100CE,01-04-2022 11:36:00,291.7,294.6,288.65,290.25,10575,228350,2022-04-01
BANKNIFTYWK37100CE,01-04-2022 11:37:00,290.25,292.4,288.25,289.9,10025,228350,2022-04-01
BANKNIFTYWK37100CE,01-04-2022 11:38:00,289.1,289.1,283.7,285.0,8975,232600,2022-04-01
BANKNIFTYWK37100CE,01-04-2022 11:39:00,287.15,291.6,286.15,289.75,7450,232600,2022-04-01
BANKNIFTYWK37100CE,01-04-2022 11:40:00,289.3,290.7,286.0,288.2,6300,232600,2022-04-01
BANKNIFTYWK37100CE,01-04-2022 11:41:00,288.75,290.0,287.25,288.9,4800,235100,2022-04-01
BANKNIFTYWK37100CE,01-04-2022 11:42:00,288.65,291.85,288.35,291.85,3725,235100,2022-04-01
BANKNIFTYWK37100CE,01-04-2022 11:43:00,291.65,295.0,291.65,293.85,11650,235100,2022-04-01
BANKNIFTYWK37100CE,01-04-2022 11:44:00,293.95,294.8,289.65,291.55,17600,236950,2022-04-01
BANKNIFTYWK37100CE,01-04-2022 11:45:00,292.15,296.8,290.8,291.5,12575,236950,2022-04-01
BANKNIFTYWK37100CE,01-04-2022 11:46:00,291.45,292.05,288.5,290.65,9925,236950,2022-04-01
BANKNIFTYWK37100CE,01-04-2022 11:47:00,289.7,290.4,282.95,287.65,18225,239200,2022-04-01
BANKNIFTYWK37100CE,01-04-2022 11:48:00,291.4,291.4,287.0,288.45,5325,239200,2022-04-01
BANKNIFTYWK37100CE,01-04-2022 11:49:00,288.1,292.15,287.7,290.8,7575,239200,2022-04-01
BANKNIFTYWK37100CE,01-04-2022 11:50:00,291.0,291.9,286.45,290.8,7250,240500,2022-04-01
BANKNIFTYWK37100CE,01-04-2022 11:51:00,290.0,291.0,287.0,287.75,8075,240500,2022-04-01
BANKNIFTYWK37100CE,01-04-2022 11:52:00,287.7,289.6,287.0,288.25,4500,240500,2022-04-01
BANKNIFTYWK37100CE,01-04-2022 11:53:00,288.1,291.5,286.5,286.5,8100,236700,2022-04-01
BANKNIFTYWK37100CE,01-04-2022 11:54:00,289.25,290.85,288.4,289.0,4625,236700,2022-04-01
BANKNIFTYWK37100CE,01-04-2022 11:55:00,289.3,291.4,289.05,290.45,6300,236700,2022-04-01
BANKNIFTYWK37100CE,01-04-2022 11:56:00,290.65,296.95,290.65,292.35,15725,239525,2022-04-01
BANKNIFTYWK37100CE,01-04-2022 11:57:00,292.35,293.6,290.0,291.2,6600,239525,2022-04-01
BANKNIFTYWK37100CE,01-04-2022 11:58:00,291.2,293.0,290.7,291.8,3700,239525,2022-04-01
BANKNIFTYWK37100CE,01-04-2022 11:59:00,291.15,292.2,287.5,287.5,6475,243325,2022-04-01
BANKNIFTYWK37100CE,01-04-2022 12:00:00,287.5,292.2,287.15,291.95,7200,243325,2022-04-01
BANKNIFTYWK37100CE,01-04-2022 12:01:00,292.35,293.25,290.0,292.0,6475,243325,2022-04-01
BANKNIFTYWK37100CE,01-04-2022 12:02:00,292.4,294.85,291.8,293.65,7100,240575,2022-04-01
BANKNIFTYWK37100CE,01-04-2022 12:03:00,293.4,307.5,292.9,301.0,35100,240575,2022-04-01
BANKNIFTYWK37100CE,01-04-2022 12:04:00,301.5,301.95,274.0,274.0,40750,240575,2022-04-01
BANKNIFTYWK37100CE,01-04-2022 12:05:00,267.1,300.85,267.1,293.95,52200,234525,2022-04-01
BANKNIFTYWK37100CE,01-04-2022 12:06:00,293.25,293.7,286.1,289.8,26400,234525,2022-04-01
BANKNIFTYWK37100CE,01-04-2022 12:07:00,289.6,292.9,288.0,289.35,10400,234525,2022-04-01
BANKNIFTYWK37100CE,01-04-2022 12:08:00,290.0,294.8,289.4,293.0,11550,239375,2022-04-01
BANKNIFTYWK37100CE,01-04-2022 12:09:00,294.0,295.55,289.15,291.0,8525,239375,2022-04-01
BANKNIFTYWK37100CE,01-04-2022 12:10:00,291.0,295.65,288.1,291.25,11025,239375,2022-04-01
BANKNIFTYWK37100CE,01-04-2022 12:11:00,291.35,292.3,288.95,291.2,5875,242300,2022-04-01
BANKNIFTYWK37100CE,01-04-2022 12:12:00,291.2,295.7,290.75,294.75,7750,242300,2022-04-01
BANKNIFTYWK37100CE,01-04-2022 12:13:00,295.15,297.75,294.1,296.55,12200,242300,2022-04-01
BANKNIFTYWK37100CE,01-04-2022 12:14:00,296.05,300.45,295.55,300.2,14000,239750,2022-04-01
BANKNIFTYWK37100CE,01-04-2022 12:15:00,299.6,300.0,293.1,293.5,20375,239750,2022-04-01
BANKNIFTYWK37100CE,01-04-2022 12:16:00,294.45,300.45,293.65,299.15,10975,239750,2022-04-01
BANKNIFTYWK37100CE,01-04-2022 12:17:00,298.45,299.75,292.0,293.65,11825,245400,2022-04-01
BANKNIFTYWK37100CE,01-04-2022 12:18:00,293.45,297.65,292.55,297.65,7350,245400,2022-04-01
BANKNIFTYWK37100CE,01-04-2022 12:19:00,297.95,297.95,292.6,294.95,5250,245400,2022-04-01
BANKNIFTYWK37100CE,01-04-2022 12:20:00,294.15,295.45,290.55,291.9,6375,244900,2022-04-01
BANKNIFTYWK37100CE,01-04-2022 12:21:00,290.7,292.25,288.4,290.7,8325,244900,2022-04-01
BANKNIFTYWK37100CE,01-04-2022 12:22:00,290.7,295.5,289.9,294.4,4075,244900,2022-04-01
BANKNIFTYWK37100CE,01-04-2022 12:23:00,294.4,331.75,293.7,324.75,67600,244025,2022-04-01
BANKNIFTYWK37100CE,01-04-2022 12:24:00,319.65,341.8,319.65,334.1,101600,244025,2022-04-01
BANKNIFTYWK37100CE,01-04-2022 12:25:00,334.0,349.25,334.0,342.0,76225,244025,2022-04-01
BANKNIFTYWK37100CE,01-04-2022 12:26:00,342.1,345.8,338.65,345.45,48425,227925,2022-04-01
BANKNIFTYWK37100CE,01-04-2022 12:27:00,344.55,356.4,343.8,354.35,67175,227925,2022-04-01
BANKNIFTYWK37100CE,01-04-2022 12:28:00,354.8,354.95,348.3,348.3,35225,227925,2022-04-01
BANKNIFTYWK37100CE,01-04-2022 12:29:00,348.15,352.55,345.4,349.9,33750,218200,2022-04-01
BANKNIFTYWK37100CE,01-04-2022 12:30:00,348.0,354.0,341.8,345.6,40825,218200,2022-04-01
BANKNIFTYWK37100CE,01-04-2022 12:31:00,345.2,348.6,344.9,347.05,18250,218200,2022-04-01
BANKNIFTYWK37100CE,01-04-2022 12:32:00,346.45,360.4,344.9,356.75,47675,220625,2022-04-01
BANKNIFTYWK37100CE,01-04-2022 12:33:00,356.9,369.7,355.0,364.15,53675,220625,2022-04-01
BANKNIFTYWK37100CE,01-04-2022 12:34:00,364.75,371.45,363.45,370.0,36300,220625,2022-04-01
BANKNIFTYWK37100CE,01-04-2022 12:35:00,370.6,378.95,370.0,372.05,62025,224000,2022-04-01
BANKNIFTYWK37100CE,01-04-2022 12:36:00,373.3,394.65,372.45,393.55,68775,224000,2022-04-01
BANKNIFTYWK37100CE,01-04-2022 12:37:00,393.2,398.95,379.5,379.5,91650,224000,2022-04-01
BANKNIFTYWK37100CE,01-04-2022 12:38:00,380.7,384.55,376.05,377.75,39075,223850,2022-04-01
BANKNIFTYWK37100CE,01-04-2022 12:39:00,376.25,377.2,368.4,372.5,43875,223850,2022-04-01
BANKNIFTYWK37100CE,01-04-2022 12:40:00,372.2,376.8,366.5,369.8,28800,223850,2022-04-01
BANKNIFTYWK37100CE,01-04-2022 12:41:00,369.95,376.8,369.95,374.35,24275,231675,2022-04-01
BANKNIFTYWK37100CE,01-04-2022 12:42:00,375.05,377.6,369.2,375.85,21275,231675,2022-04-01
BANKNIFTYWK37100CE,01-04-2022 12:43:00,375.45,382.0,374.1,381.9,32975,231675,2022-04-01
BANKNIFTYWK37100CE,01-04-2022 12:44:00,382.25,389.85,380.0,386.85,33875,235000,2022-04-01
BANKNIFTYWK37100CE,01-04-2022 12:45:00,386.85,394.0,375.7,375.95,54600,235000,2022-04-01
BANKNIFTYWK37100CE,01-04-2022 12:46:00,376.75,379.05,370.75,375.4,24050,235000,2022-04-01
BANKNIFTYWK37100CE,01-04-2022 12:47:00,375.7,380.3,371.6,376.25,16150,239150,2022-04-01
BANKNIFTYWK37100CE,01-04-2022 12:48:00,376.25,381.0,374.35,380.3,13600,239150,2022-04-01
BANKNIFTYWK37100CE,01-04-2022 12:49:00,380.4,388.5,379.8,385.45,29850,239150,2022-04-01
BANKNIFTYWK37100CE,01-04-2022 12:50:00,385.35,386.65,377.0,378.9,23250,245350,2022-04-01
BANKNIFTYWK37100CE,01-04-2022 12:51:00,379.75,391.6,379.75,391.6,35150,245350,2022-04-01
BANKNIFTYWK37100CE,01-04-2022 12:52:00,390.9,395.0,382.35,387.8,33925,245350,2022-04-01
BANKNIFTYWK37100CE,01-04-2022 12:53:00,387.8,387.8,381.35,384.7,15375,245500,2022-04-01
BANKNIFTYWK37100CE,01-04-2022 12:54:00,385.15,385.35,379.0,381.6,23250,245500,2022-04-01
BANKNIFTYWK37100CE,01-04-2022 12:55:00,381.6,384.95,379.7,380.0,18050,245500,2022-04-01
BANKNIFTYWK37100CE,01-04-2022 12:56:00,379.25,383.6,375.0,375.0,18000,258650,2022-04-01
BANKNIFTYWK37100CE,01-04-2022 12:57:00,375.0,379.0,372.9,375.0,22425,258650,2022-04-01
BANKNIFTYWK37100CE,01-04-2022 12:58:00,375.15,381.0,373.05,374.4,16150,258650,2022-04-01
BANKNIFTYWK37100CE,01-04-2022 12:59:00,373.7,378.7,373.05,376.15,9600,262550,2022-04-01
BANKNIFTYWK37100CE,01-04-2022 13:00:00,375.3,381.4,366.25,366.8,27950,262550,2022-04-01
BANKNIFTYWK37100CE,01-04-2022 13:01:00,365.4,374.8,365.4,369.9,16725,262550,2022-04-01
BANKNIFTYWK37100CE,01-04-2022 13:02:00,368.0,375.2,367.0,371.45,10075,263025,2022-04-01
BANKNIFTYWK37100CE,01-04-2022 13:03:00,371.45,372.55,366.45,367.75,14775,263025,2022-04-01
BANKNIFTYWK37100CE,01-04-2022 13:04:00,367.0,369.8,361.0,362.45,20250,263025,2022-04-01
BANKNIFTYWK37100CE,01-04-2022 13:05:00,362.15,370.25,361.1,363.25,13800,267475,2022-04-01
BANKNIFTYWK37100CE,01-04-2022 13:06:00,364.6,367.75,361.0,367.75,14100,267475,2022-04-01
BANKNIFTYWK37100CE,01-04-2022 13:07:00,368.8,380.75,368.5,377.45,42550,267475,2022-04-01
BANKNIFTYWK37100CE,01-04-2022 13:08:00,377.0,382.85,375.55,382.45,25050,270750,2022-04-01
BANKNIFTYWK37100CE,01-04-2022 13:09:00,383.1,385.6,380.1,382.5,26250,270750,2022-04-01
BANKNIFTYWK37100CE,01-04-2022 13:10:00,382.15,384.05,380.0,380.5,16525,270750,2022-04-01
BANKNIFTYWK37100CE,01-04-2022 13:11:00,380.25,382.5,376.3,377.25,13000,276425,2022-04-01
BANKNIFTYWK37100CE,01-04-2022 13:12:00,378.2,380.0,375.0,376.85,7900,276425,2022-04-01
BANKNIFTYWK37100CE,01-04-2022 13:13:00,376.8,379.65,375.65,379.5,3975,276425,2022-04-01
BANKNIFTYWK37100CE,01-04-2022 13:14:00,379.8,380.0,370.8,370.8,17100,277475,2022-04-01
BANKNIFTYWK37100CE,01-04-2022 13:15:00,370.2,384.45,370.2,380.55,28650,277475,2022-04-01
BANKNIFTYWK37100CE,01-04-2022 13:16:00,380.45,408.0,380.45,405.85,82275,277475,2022-04-01
BANKNIFTYWK37100CE,01-04-2022 13:17:00,404.5,424.8,404.5,410.0,131475,265250,2022-04-01
BANKNIFTYWK37100CE,01-04-2022 13:18:00,410.85,411.5,391.55,391.55,61625,265250,2022-04-01
BANKNIFTYWK37100CE,01-04-2022 13:19:00,392.7,395.9,387.25,392.6,37650,265250,2022-04-01
BANKNIFTYWK37100CE,01-04-2022 13:20:00,391.5,395.0,388.0,392.9,22050,274550,2022-04-01
BANKNIFTYWK37100CE,01-04-2022 13:21:00,393.6,394.7,390.0,392.05,18575,274550,2022-04-01
BANKNIFTYWK37100CE,01-04-2022 13:22:00,392.75,395.0,381.55,383.2,31375,274550,2022-04-01
BANKNIFTYWK37100CE,01-04-2022 13:23:00,384.2,392.7,383.4,390.45,20375,275650,2022-04-01
BANKNIFTYWK37100CE,01-04-2022 13:24:00,389.7,391.25,385.85,388.1,11725,275650,2022-04-01
BANKNIFTYWK37100CE,01-04-2022 13:25:00,387.85,391.05,386.5,387.0,11075,275650,2022-04-01
BANKNIFTYWK37100CE,01-04-2022 13:26:00,387.8,391.65,383.05,383.85,20925,284350,2022-04-01
BANKNIFTYWK37100CE,01-04-2022 13:27:00,386.0,390.8,384.5,390.0,9750,284350,2022-04-01
BANKNIFTYWK37100CE,01-04-2022 13:28:00,390.1,398.65,390.0,398.65,28400,284350,2022-04-01
BANKNIFTYWK37100CE,01-04-2022 13:29:00,397.95,409.0,395.4,403.5,56425,277275,2022-04-01
BANKNIFTYWK37100CE,01-04-2022 13:30:00,404.15,411.7,400.55,406.15,45475,277275,2022-04-01
BANKNIFTYWK37100CE,01-04-2022 13:31:00,406.65,409.6,405.0,407.7,33175,277275,2022-04-01
BANKNIFTYWK37100CE,01-04-2022 13:32:00,408.35,416.3,405.4,413.35,41500,284450,2022-04-01
BANKNIFTYWK37100CE,01-04-2022 13:33:00,414.8,418.95,409.2,418.95,47425,284450,2022-04-01
BANKNIFTYWK37100CE,01-04-2022 13:34:00,417.9,418.5,412.3,418.4,34250,284450,2022-04-01
BANKNIFTYWK37100CE,01-04-2022 13:35:00,417.7,419.55,412.45,412.45,38575,292075,2022-04-01
BANKNIFTYWK37100CE,01-04-2022 13:36:00,413.9,414.85,404.3,404.3,42700,292075,2022-04-01
BANKNIFTYWK37100CE,01-04-2022 13:37:00,404.15,408.0,399.25,400.0,46125,292075,2022-04-01
BANKNIFTYWK37100CE,01-04-2022 13:38:00,399.25,404.7,394.3,399.0,31050,302550,2022-04-01
BANKNIFTYWK37100CE,01-04-2022 13:39:00,399.3,404.65,399.3,402.8,29400,302550,2022-04-01
BANKNIFTYWK37100CE,01-04-2022 13:40:00,402.9,405.3,394.8,395.1,29300,302550,2022-04-01
BANKNIFTYWK37100CE,01-04-2022 13:41:00,395.55,402.1,395.05,402.1,8125,302550,2022-04-01
BANKNIFTYWK37100CE,01-04-2022 13:42:00,400.55,416.75,400.05,409.35,69725,310200,2022-04-01
BANKNIFTYWK37100CE,01-04-2022 13:43:00,406.7,411.35,405.45,409.0,20150,310200,2022-04-01
BANKNIFTYWK37100CE,01-04-2022 13:44:00,409.2,414.1,406.0,411.7,26550,310200,2022-04-01
BANKNIFTYWK37100CE,01-04-2022 13:45:00,411.25,433.5,411.25,421.75,133575,320900,2022-04-01
BANKNIFTYWK37100CE,01-04-2022 13:46:00,422.2,429.75,422.2,426.2,65700,320900,2022-04-01
BANKNIFTYWK37100CE,01-04-2022 13:47:00,427.25,430.95,423.65,427.3,60400,320900,2022-04-01
BANKNIFTYWK37100CE,01-04-2022 13:48:00,426.95,428.8,421.05,423.2,32800,314650,2022-04-01
BANKNIFTYWK37100CE,01-04-2022 13:49:00,423.4,427.0,421.0,422.85,25550,314650,2022-04-01
BANKNIFTYWK37100CE,01-04-2022 13:50:00,422.3,426.9,418.95,421.25,41600,314650,2022-04-01
BANKNIFTYWK37100CE,01-04-2022 13:51:00,422.25,423.2,402.3,404.8,76925,328450,2022-04-01
BANKNIFTYWK37100CE,01-04-2022 13:52:00,404.85,412.0,395.9,398.2,53125,328450,2022-04-01
BANKNIFTYWK37100CE,01-04-2022 13:53:00,398.75,406.95,395.45,406.3,31200,328450,2022-04-01
BANKNIFTYWK37100CE,01-04-2022 13:54:00,405.95,412.0,402.45,410.0,31775,334150,2022-04-01
BANKNIFTYWK37100CE,01-04-2022 13:55:00,411.0,420.0,409.7,414.8,49275,334150,2022-04-01
BANKNIFTYWK37100CE,01-04-2022 13:56:00,414.9,417.4,409.4,410.95,25975,334150,2022-04-01
BANKNIFTYWK37100CE,01-04-2022 13:57:00,410.55,410.55,402.45,406.0,22075,347250,2022-04-01
BANKNIFTYWK37100CE,01-04-2022 13:58:00,406.05,411.9,404.2,406.7,13325,347250,2022-04-01
BANKNIFTYWK37100CE,01-04-2022 13:59:00,406.4,411.0,405.15,408.2,11800,347250,2022-04-01
BANKNIFTYWK37100CE,01-04-2022 14:00:00,408.8,414.8,406.95,413.95,17575,343450,2022-04-01
BANKNIFTYWK37100CE,01-04-2022 14:01:00,414.3,416.95,412.0,412.1,19550,343450,2022-04-01
BANKNIFTYWK37100CE,01-04-2022 14:02:00,412.0,414.85,405.8,413.15,31375,343450,2022-04-01
BANKNIFTYWK37100CE,01-04-2022 14:03:00,412.2,420.4,411.25,420.25,27025,346950,2022-04-01
BANKNIFTYWK37100CE,01-04-2022 14:04:00,419.5,438.0,417.0,429.05,68200,346950,2022-04-01
BANKNIFTYWK37100CE,01-04-2022 14:05:00,428.65,435.25,425.6,430.0,65525,346950,2022-04-01
BANKNIFTYWK37100CE,01-04-2022 14:06:00,429.7,434.35,427.0,431.1,59225,341750,2022-04-01
BANKNIFTYWK37100CE,01-04-2022 14:07:00,431.3,433.5,426.65,429.05,58975,341750,2022-04-01
BANKNIFTYWK37100CE,01-04-2022 14:08:00,430.0,442.95,428.75,439.6,86300,341750,2022-04-01
BANKNIFTYWK37100CE,01-04-2022 14:09:00,439.15,442.75,437.55,437.55,76200,358000,2022-04-01
BANKNIFTYWK37100CE,01-04-2022 14:10:00,439.0,443.0,436.45,436.45,64825,358000,2022-04-01
BANKNIFTYWK37100CE,01-04-2022 14:11:00,435.9,436.05,430.0,431.55,47925,358000,2022-04-01
BANKNIFTYWK37100CE,01-04-2022 14:12:00,430.8,436.9,430.05,434.0,34900,364700,2022-04-01
BANKNIFTYWK37100CE,01-04-2022 14:13:00,434.15,439.35,433.7,434.95,44725,364700,2022-04-01
BANKNIFTYWK37100CE,01-04-2022 14:14:00,434.9,436.35,430.1,435.4,32100,364700,2022-04-01
BANKNIFTYWK37100CE,01-04-2022 14:15:00,434.25,453.3,433.0,451.2,94000,373700,2022-04-01
BANKNIFTYWK37100CE,01-04-2022 14:16:00,452.5,466.9,450.7,460.7,168075,373700,2022-04-01
BANKNIFTYWK37100CE,01-04-2022 14:17:00,459.9,460.25,453.85,456.55,59800,373700,2022-04-01
BANKNIFTYWK37100CE,01-04-2022 14:18:00,455.15,463.9,453.2,458.75,56675,357025,2022-04-01
BANKNIFTYWK37100CE,01-04-2022 14:19:00,460.95,471.95,460.95,469.65,105450,357025,2022-04-01
BANKNIFTYWK37100CE,01-04-2022 14:20:00,468.95,469.2,460.0,460.7,69400,357025,2022-04-01
BANKNIFTYWK37100CE,01-04-2022 14:21:00,462.95,468.55,456.35,460.8,62225,359350,2022-04-01
BANKNIFTYWK37100CE,01-04-2022 14:22:00,460.4,461.5,456.45,456.8,20700,359350,2022-04-01
BANKNIFTYWK37100CE,01-04-2022 14:23:00,457.95,462.0,457.25,461.0,23325,359350,2022-04-01
BANKNIFTYWK37100CE,01-04-2022 14:24:00,459.75,462.0,458.35,461.6,18725,358700,2022-04-01
BANKNIFTYWK37100CE,01-04-2022 14:25:00,462.0,478.95,458.05,458.05,105200,358700,2022-04-01
BANKNIFTYWK37100CE,01-04-2022 14:26:00,458.9,459.95,436.9,447.65,123250,358700,2022-04-01
BANKNIFTYWK37100CE,01-04-2022 14:27:00,447.4,452.0,446.1,447.8,47475,357225,2022-04-01
BANKNIFTYWK37100CE,01-04-2022 14:28:00,447.0,450.0,442.8,447.15,24275,357225,2022-04-01
BANKNIFTYWK37100CE,01-04-2022 14:29:00,445.5,449.0,445.0,447.95,15050,357225,2022-04-01
BANKNIFTYWK37100CE,01-04-2022 14:30:00,447.95,449.4,437.45,440.0,43050,370975,2022-04-01
BANKNIFTYWK37100CE,01-04-2022 14:31:00,439.1,446.6,430.95,440.3,86900,370975,2022-04-01
BANKNIFTYWK37100CE,01-04-2022 14:32:00,438.95,451.45,438.95,446.95,49850,370975,2022-04-01
BANKNIFTYWK37100CE,01-04-2022 14:33:00,447.0,447.0,438.15,444.75,45900,366275,2022-04-01
BANKNIFTYWK37100CE,01-04-2022 14:34:00,443.85,456.9,443.75,455.95,73750,366275,2022-04-01
BANKNIFTYWK37100CE,01-04-2022 14:35:00,456.0,459.8,454.4,456.2,53025,366275,2022-04-01
BANKNIFTYWK37100CE,01-04-2022 14:36:00,456.3,458.0,446.25,447.8,53500,367000,2022-04-01
BANKNIFTYWK37100CE,01-04-2022 14:37:00,446.95,454.0,443.2,451.6,45000,367000,2022-04-01
BANKNIFTYWK37100CE,01-04-2022 14:38:00,451.55,452.0,441.5,441.5,25050,367000,2022-04-01
BANKNIFTYWK37100CE,01-04-2022 14:39:00,442.0,447.4,436.55,443.7,52050,378850,2022-04-01
BANKNIFTYWK37100CE,01-04-2022 14:40:00,444.9,444.9,437.4,439.95,24125,378850,2022-04-01
BANKNIFTYWK37100CE,01-04-2022 14:41:00,440.8,441.6,437.0,439.0,23125,378850,2022-04-01
BANKNIFTYWK37100CE,01-04-2022 14:42:00,439.0,439.3,425.75,427.5,52725,403775,2022-04-01
BANKNIFTYWK37100CE,01-04-2022 14:43:00,428.0,445.0,426.25,445.0,55450,403775,2022-04-01
BANKNIFTYWK37100CE,01-04-2022 14:44:00,447.55,447.55,440.1,446.45,49400,403775,2022-04-01
BANKNIFTYWK37100CE,01-04-2022 14:45:00,445.9,449.55,444.6,447.0,58025,410525,2022-04-01
BANKNIFTYWK37100CE,01-04-2022 14:46:00,447.0,447.0,434.4,436.55,40950,410525,2022-04-01
BANKNIFTYWK37100CE,01-04-2022 14:47:00,435.0,441.15,430.0,431.9,41050,410525,2022-04-01
BANKNIFTYWK37100CE,01-04-2022 14:48:00,430.5,438.15,428.9,433.3,37700,417375,2022-04-01
BANKNIFTYWK37100CE,01-04-2022 14:49:00,432.25,435.0,428.0,432.8,35725,417375,2022-04-01
BANKNIFTYWK37100CE,01-04-2022 14:50:00,432.8,434.4,419.35,422.55,51875,417375,2022-04-01
BANKNIFTYWK37100CE,01-04-2022 14:51:00,424.05,428.15,418.55,423.55,37575,425625,2022-04-01
BANKNIFTYWK37100CE,01-04-2022 14:52:00,422.75,430.8,421.15,428.7,46200,425625,2022-04-01
BANKNIFTYWK37100CE,01-04-2022 14:53:00,428.3,428.3,419.25,419.4,27625,425625,2022-04-01
BANKNIFTYWK37100CE,01-04-2022 14:54:00,420.0,428.0,418.55,425.0,32575,434000,2022-04-01
BANKNIFTYWK37100CE,01-04-2022 14:55:00,425.95,426.5,414.0,418.9,63125,434000,2022-04-01
BANKNIFTYWK37100CE,01-04-2022 14:56:00,419.7,440.1,413.55,439.15,82250,434000,2022-04-01
BANKNIFTYWK37100CE,01-04-2022 14:57:00,441.0,441.3,434.05,438.0,68950,445550,2022-04-01
BANKNIFTYWK37100CE,01-04-2022 14:58:00,438.0,441.55,436.65,438.0,38675,445550,2022-04-01
BANKNIFTYWK37100CE,01-04-2022 14:59:00,438.0,440.65,435.0,438.75,37600,445550,2022-04-01
BANKNIFTYWK37100CE,01-04-2022 15:00:00,438.5,450.0,432.9,446.65,106750,457600,2022-04-01
BANKNIFTYWK37100CE,01-04-2022 15:01:00,445.45,448.35,440.6,447.0,76700,457600,2022-04-01
BANKNIFTYWK37100CE,01-04-2022 15:02:00,445.8,455.0,444.25,452.8,79150,457600,2022-04-01
BANKNIFTYWK37100CE,01-04-2022 15:03:00,452.75,460.8,450.0,460.8,99450,461050,2022-04-01
BANKNIFTYWK37100CE,01-04-2022 15:04:00,460.0,461.65,450.0,454.4,107950,461050,2022-04-01
BANKNIFTYWK37100CE,01-04-2022 15:05:00,454.2,459.3,448.85,448.85,63800,461050,2022-04-01
BANKNIFTYWK37100CE,01-04-2022 15:06:00,449.85,453.7,445.0,445.0,46700,463125,2022-04-01
BANKNIFTYWK37100CE,01-04-2022 15:07:00,444.0,445.5,436.35,444.6,57850,463125,2022-04-01
BANKNIFTYWK37100CE,01-04-2022 15:08:00,445.2,448.75,435.3,442.8,68275,463125,2022-04-01
BANKNIFTYWK37100CE,01-04-2022 15:09:00,443.65,445.0,438.0,438.75,42075,463225,2022-04-01
BANKNIFTYWK37100CE,01-04-2022 15:10:00,438.15,447.0,437.15,445.0,47725,463225,2022-04-01
BANKNIFTYWK37100CE,01-04-2022 15:11:00,445.1,448.8,441.4,446.45,60075,463225,2022-04-01
BANKNIFTYWK37100CE,01-04-2022 15:12:00,445.15,449.0,444.5,448.8,40225,450350,2022-04-01
BANKNIFTYWK37100CE,01-04-2022 15:13:00,448.1,448.85,442.0,446.0,62325,450350,2022-04-01
BANKNIFTYWK37100CE,01-04-2022 15:14:00,444.55,445.4,438.15,438.4,51150,450350,2022-04-01
BANKNIFTYWK37100CE,01-04-2022 15:15:00,439.1,447.4,428.6,430.55,126375,454675,2022-04-01
BANKNIFTYWK37100CE,01-04-2022 15:16:00,431.7,439.5,424.2,438.95,71250,454675,2022-04-01
BANKNIFTYWK37100CE,01-04-2022 15:17:00,439.8,451.2,438.9,449.5,89750,454675,2022-04-01
BANKNIFTYWK37100CE,01-04-2022 15:18:00,448.85,453.6,447.0,452.2,77250,459925,2022-04-01
BANKNIFTYWK37100CE,01-04-2022 15:19:00,450.25,458.85,450.25,456.6,79075,459925,2022-04-01
BANKNIFTYWK37100CE,01-04-2022 15:20:00,455.55,457.35,449.25,456.3,67000,459925,2022-04-01
BANKNIFTYWK37100CE,01-04-2022 15:21:00,457.8,458.4,442.75,450.0,79550,436700,2022-04-01
BANKNIFTYWK37100CE,01-04-2022 15:22:00,451.0,451.0,443.8,445.25,61350,436700,2022-04-01
BANKNIFTYWK37100CE,01-04-2022 15:23:00,446.0,452.0,445.65,451.3,53675,436700,2022-04-01
BANKNIFTYWK37100CE,01-04-2022 15:24:00,451.6,452.0,446.45,446.45,54850,413425,2022-04-01
BANKNIFTYWK37100CE,01-04-2022 15:25:00,447.25,456.0,446.55,454.15,75300,413425,2022-04-01
BANKNIFTYWK37100CE,01-04-2022 15:26:00,454.85,458.35,454.05,456.45,36525,413425,2022-04-01
BANKNIFTYWK37100CE,01-04-2022 15:27:00,457.5,460.0,456.4,459.15,70750,373075,2022-04-01
BANKNIFTYWK37100CE,01-04-2022 15:28:00,461.0,461.65,458.4,459.1,54125,373075,2022-04-01
BANKNIFTYWK37100CE,01-04-2022 15:29:00,460.0,465.0,457.0,458.05,68325,373075,2022-04-01
