Ticker,Date/Time,Open,High,Low,Close,Volume,Open Interest,Date
BANKNIFTY38500CE,27-09-2022 09:15:00,649.95,658.25,547.6,589.4,163350,417775,2022-09-27
BANKNIFTY38500CE,27-09-2022 09:16:00,576.05,598.4,569.5,586.65,101150,417775,2022-09-27
BANKNIFTY38500CE,27-09-2022 09:17:00,583.1,608.75,558.9,602.65,89200,434375,2022-09-27
BANKNIFTY38500CE,27-09-2022 09:18:00,609.25,663.65,600.25,624.0,153475,434375,2022-09-27
BANKNIFTY38500CE,27-09-2022 09:19:00,613.6,657.75,610.05,655.55,81475,434375,2022-09-27
BANKNIFTY38500CE,27-09-2022 09:20:00,650.95,682.45,650.95,664.75,124975,446575,2022-09-27
BANKNIFTY38500CE,27-09-2022 09:21:00,666.25,673.55,635.1,642.5,91850,446575,2022-09-27
BANKNIFTY38500CE,27-09-2022 09:22:00,637.6,644.05,612.75,637.35,78675,446575,2022-09-27
BANKNIFTY38500CE,27-09-2022 09:23:00,642.3,650.15,618.1,630.0,50825,503075,2022-09-27
BANKNIFTY38500CE,27-09-2022 09:24:00,631.8,680.25,628.4,676.35,66200,503075,2022-09-27
BANKNIFTY38500CE,27-09-2022 09:25:00,680.0,682.25,651.1,671.45,64200,503075,2022-09-27
BANKNIFTY38500CE,27-09-2022 09:26:00,672.6,674.2,643.55,659.4,54625,512500,2022-09-27
BANKNIFTY38500CE,27-09-2022 09:27:00,661.75,665.0,629.4,657.6,28875,512500,2022-09-27
BANKNIFTY38500CE,27-09-2022 09:28:00,665.9,693.95,662.3,673.8,141475,512500,2022-09-27
BANKNIFTY38500CE,27-09-2022 09:29:00,674.4,674.4,652.55,668.9,45050,519650,2022-09-27
BANKNIFTY38500CE,27-09-2022 09:30:00,671.6,698.45,668.9,688.85,55050,519650,2022-09-27
BANKNIFTY38500CE,27-09-2022 09:31:00,694.0,708.25,690.0,701.6,94375,519650,2022-09-27
BANKNIFTY38500CE,27-09-2022 09:32:00,702.4,709.2,689.8,698.3,35275,488050,2022-09-27
BANKNIFTY38500CE,27-09-2022 09:33:00,697.85,704.65,689.65,690.75,40375,488050,2022-09-27
BANKNIFTY38500CE,27-09-2022 09:34:00,692.05,722.95,690.75,715.85,60350,488050,2022-09-27
BANKNIFTY38500CE,27-09-2022 09:35:00,717.3,722.5,703.7,705.7,43300,459725,2022-09-27
BANKNIFTY38500CE,27-09-2022 09:36:00,705.0,707.0,682.1,691.05,50425,459725,2022-09-27
BANKNIFTY38500CE,27-09-2022 09:37:00,687.35,692.1,632.55,632.75,63300,459725,2022-09-27
BANKNIFTY38500CE,27-09-2022 09:38:00,634.1,647.9,606.15,642.75,49850,445050,2022-09-27
BANKNIFTY38500CE,27-09-2022 09:39:00,642.95,659.55,625.0,625.0,32350,445050,2022-09-27
BANKNIFTY38500CE,27-09-2022 09:40:00,621.05,642.05,609.1,637.05,41575,445050,2022-09-27
BANKNIFTY38500CE,27-09-2022 09:41:00,637.5,642.65,616.0,616.0,18950,446150,2022-09-27
BANKNIFTY38500CE,27-09-2022 09:42:00,615.0,615.85,592.5,609.75,68125,446150,2022-09-27
BANKNIFTY38500CE,27-09-2022 09:43:00,610.4,615.0,589.35,604.95,35925,446150,2022-09-27
BANKNIFTY38500CE,27-09-2022 09:44:00,600.05,614.2,585.0,585.0,29475,472500,2022-09-27
BANKNIFTY38500CE,27-09-2022 09:45:00,588.25,591.5,552.3,556.65,63750,472500,2022-09-27
BANKNIFTY38500CE,27-09-2022 09:46:00,551.7,575.0,548.15,566.5,76425,472500,2022-09-27
BANKNIFTY38500CE,27-09-2022 09:47:00,564.95,586.75,562.5,575.0,45550,472600,2022-09-27
BANKNIFTY38500CE,27-09-2022 09:48:00,568.5,574.3,552.3,571.9,25575,472600,2022-09-27
BANKNIFTY38500CE,27-09-2022 09:49:00,575.6,583.55,559.75,583.55,35000,472600,2022-09-27
BANKNIFTY38500CE,27-09-2022 09:50:00,584.0,632.0,577.45,622.55,99425,482575,2022-09-27
BANKNIFTY38500CE,27-09-2022 09:51:00,626.15,642.55,611.3,623.1,58675,482575,2022-09-27
BANKNIFTY38500CE,27-09-2022 09:52:00,623.55,628.9,593.4,597.15,32050,482575,2022-09-27
BANKNIFTY38500CE,27-09-2022 09:53:00,596.25,598.8,573.35,574.7,44250,454350,2022-09-27
BANKNIFTY38500CE,27-09-2022 09:54:00,572.45,576.0,530.3,535.6,47450,454350,2022-09-27
BANKNIFTY38500CE,27-09-2022 09:55:00,528.7,561.4,526.85,554.15,49275,454350,2022-09-27
BANKNIFTY38500CE,27-09-2022 09:56:00,559.15,572.7,545.0,545.0,27075,449725,2022-09-27
BANKNIFTY38500CE,27-09-2022 09:57:00,543.05,547.15,527.4,528.15,38525,449725,2022-09-27
BANKNIFTY38500CE,27-09-2022 09:58:00,527.25,550.7,520.0,545.4,38725,449725,2022-09-27
BANKNIFTY38500CE,27-09-2022 09:59:00,545.2,573.7,539.0,568.5,44650,464750,2022-09-27
BANKNIFTY38500CE,27-09-2022 10:00:00,565.75,603.0,563.95,582.65,82325,464750,2022-09-27
BANKNIFTY38500CE,27-09-2022 10:01:00,585.8,598.95,576.3,577.85,17375,464750,2022-09-27
BANKNIFTY38500CE,27-09-2022 10:02:00,576.35,582.35,552.3,557.35,29300,457900,2022-09-27
BANKNIFTY38500CE,27-09-2022 10:03:00,556.7,569.85,542.1,565.75,19750,457900,2022-09-27
BANKNIFTY38500CE,27-09-2022 10:04:00,565.0,568.0,546.0,560.0,18275,457900,2022-09-27
BANKNIFTY38500CE,27-09-2022 10:05:00,560.0,562.05,536.5,537.1,18100,460650,2022-09-27
BANKNIFTY38500CE,27-09-2022 10:06:00,535.7,553.95,529.15,540.0,39725,460650,2022-09-27
BANKNIFTY38500CE,27-09-2022 10:07:00,542.65,552.0,538.1,550.0,24125,460650,2022-09-27
BANKNIFTY38500CE,27-09-2022 10:08:00,550.0,556.8,511.3,517.65,68700,468700,2022-09-27
BANKNIFTY38500CE,27-09-2022 10:09:00,517.45,525.5,501.75,504.5,55850,468700,2022-09-27
BANKNIFTY38500CE,27-09-2022 10:10:00,505.85,523.7,499.6,516.3,42925,468700,2022-09-27
BANKNIFTY38500CE,27-09-2022 10:11:00,514.75,520.0,505.0,507.15,20075,469825,2022-09-27
BANKNIFTY38500CE,27-09-2022 10:12:00,506.35,518.6,498.05,502.7,22400,469825,2022-09-27
BANKNIFTY38500CE,27-09-2022 10:13:00,499.0,511.2,494.0,502.4,29550,469825,2022-09-27
BANKNIFTY38500CE,27-09-2022 10:14:00,506.55,508.4,493.0,500.1,20975,473225,2022-09-27
BANKNIFTY38500CE,27-09-2022 10:15:00,497.45,503.0,478.4,487.65,77925,473225,2022-09-27
BANKNIFTY38500CE,27-09-2022 10:16:00,484.5,517.2,481.6,513.95,92525,473225,2022-09-27
BANKNIFTY38500CE,27-09-2022 10:17:00,519.75,551.65,516.25,539.3,88650,492975,2022-09-27
BANKNIFTY38500CE,27-09-2022 10:18:00,539.25,541.1,507.15,514.0,55825,492975,2022-09-27
BANKNIFTY38500CE,27-09-2022 10:19:00,510.05,526.4,505.0,517.1,22925,492975,2022-09-27
BANKNIFTY38500CE,27-09-2022 10:20:00,516.55,524.95,506.6,516.0,44200,520900,2022-09-27
BANKNIFTY38500CE,27-09-2022 10:21:00,510.95,515.7,505.6,507.0,18575,520900,2022-09-27
BANKNIFTY38500CE,27-09-2022 10:22:00,507.3,514.85,486.15,489.05,41575,520900,2022-09-27
BANKNIFTY38500CE,27-09-2022 10:23:00,487.1,497.6,476.9,497.4,37150,523700,2022-09-27
BANKNIFTY38500CE,27-09-2022 10:24:00,497.25,499.2,482.5,487.0,24775,523700,2022-09-27
BANKNIFTY38500CE,27-09-2022 10:25:00,487.75,498.75,484.4,498.75,19550,523700,2022-09-27
BANKNIFTY38500CE,27-09-2022 10:26:00,495.55,512.95,489.4,492.0,34900,533875,2022-09-27
BANKNIFTY38500CE,27-09-2022 10:27:00,492.6,502.95,477.25,483.2,28350,533875,2022-09-27
BANKNIFTY38500CE,27-09-2022 10:28:00,483.55,490.9,477.0,485.35,21150,533875,2022-09-27
BANKNIFTY38500CE,27-09-2022 10:29:00,483.0,494.5,480.0,490.55,20975,545675,2022-09-27
BANKNIFTY38500CE,27-09-2022 10:30:00,490.0,494.75,477.95,483.1,32550,545675,2022-09-27
BANKNIFTY38500CE,27-09-2022 10:31:00,480.0,497.85,465.6,493.95,67425,545675,2022-09-27
BANKNIFTY38500CE,27-09-2022 10:32:00,497.0,511.35,491.95,509.0,59950,576250,2022-09-27
BANKNIFTY38500CE,27-09-2022 10:33:00,510.15,525.7,502.45,524.0,64875,576250,2022-09-27
BANKNIFTY38500CE,27-09-2022 10:34:00,525.85,552.1,523.3,540.4,112400,576250,2022-09-27
BANKNIFTY38500CE,27-09-2022 10:35:00,542.85,561.95,530.85,558.1,60725,572925,2022-09-27
BANKNIFTY38500CE,27-09-2022 10:36:00,555.25,574.0,555.2,557.35,84525,572925,2022-09-27
BANKNIFTY38500CE,27-09-2022 10:37:00,560.4,585.25,558.65,573.45,53500,572925,2022-09-27
BANKNIFTY38500CE,27-09-2022 10:38:00,570.85,578.45,555.5,555.5,71375,550550,2022-09-27
BANKNIFTY38500CE,27-09-2022 10:39:00,555.6,564.7,552.0,553.1,43825,550550,2022-09-27
BANKNIFTY38500CE,27-09-2022 10:40:00,551.55,581.5,549.1,568.7,78625,550550,2022-09-27
BANKNIFTY38500CE,27-09-2022 10:41:00,570.0,572.15,545.0,545.0,46750,537600,2022-09-27
BANKNIFTY38500CE,27-09-2022 10:42:00,545.0,545.7,519.85,525.9,64600,537600,2022-09-27
BANKNIFTY38500CE,27-09-2022 10:43:00,524.0,528.1,516.3,524.05,28500,537600,2022-09-27
BANKNIFTY38500CE,27-09-2022 10:44:00,523.0,524.0,500.7,504.65,37675,531700,2022-09-27
BANKNIFTY38500CE,27-09-2022 10:45:00,504.25,511.0,486.05,497.65,58000,531700,2022-09-27
BANKNIFTY38500CE,27-09-2022 10:46:00,500.0,502.2,479.15,481.95,43325,531700,2022-09-27
BANKNIFTY38500CE,27-09-2022 10:47:00,481.6,483.6,450.05,463.3,95950,551275,2022-09-27
BANKNIFTY38500CE,27-09-2022 10:48:00,463.25,475.35,458.1,468.65,34000,551275,2022-09-27
BANKNIFTY38500CE,27-09-2022 10:49:00,467.95,478.7,458.2,459.1,46550,551275,2022-09-27
BANKNIFTY38500CE,27-09-2022 10:50:00,456.7,465.5,447.25,448.55,52100,565450,2022-09-27
BANKNIFTY38500CE,27-09-2022 10:51:00,447.7,450.0,432.05,438.1,112475,565450,2022-09-27
BANKNIFTY38500CE,27-09-2022 10:52:00,436.15,446.05,433.4,438.7,88750,565450,2022-09-27
BANKNIFTY38500CE,27-09-2022 10:53:00,440.2,449.35,432.85,441.65,45900,578800,2022-09-27
BANKNIFTY38500CE,27-09-2022 10:54:00,440.7,441.65,426.45,435.0,68475,578800,2022-09-27
BANKNIFTY38500CE,27-09-2022 10:55:00,435.35,438.3,425.2,432.35,56575,578800,2022-09-27
BANKNIFTY38500CE,27-09-2022 10:56:00,429.05,449.4,428.8,449.4,85775,615475,2022-09-27
BANKNIFTY38500CE,27-09-2022 10:57:00,450.55,457.85,440.15,442.7,106725,615475,2022-09-27
BANKNIFTY38500CE,27-09-2022 10:58:00,441.3,454.0,434.7,443.7,49600,615475,2022-09-27
BANKNIFTY38500CE,27-09-2022 10:59:00,444.4,461.9,443.7,455.2,66750,615975,2022-09-27
BANKNIFTY38500CE,27-09-2022 11:00:00,455.8,458.0,431.85,432.2,98475,615975,2022-09-27
BANKNIFTY38500CE,27-09-2022 11:01:00,431.45,433.05,418.5,426.7,101600,615975,2022-09-27
BANKNIFTY38500CE,27-09-2022 11:02:00,426.2,437.65,418.55,424.0,77975,669775,2022-09-27
BANKNIFTY38500CE,27-09-2022 11:03:00,424.2,426.3,405.2,406.35,78075,669775,2022-09-27
BANKNIFTY38500CE,27-09-2022 11:04:00,405.85,411.8,399.65,407.1,198400,669775,2022-09-27
BANKNIFTY38500CE,27-09-2022 11:05:00,406.4,407.95,375.55,377.7,299225,812925,2022-09-27
BANKNIFTY38500CE,27-09-2022 11:06:00,373.7,388.85,368.75,376.7,269525,812925,2022-09-27
BANKNIFTY38500CE,27-09-2022 11:07:00,377.0,387.75,372.85,381.55,164300,812925,2022-09-27
BANKNIFTY38500CE,27-09-2022 11:08:00,375.6,379.95,356.0,362.6,228725,966025,2022-09-27
BANKNIFTY38500CE,27-09-2022 11:09:00,356.0,368.0,356.0,359.4,222375,966025,2022-09-27
BANKNIFTY38500CE,27-09-2022 11:10:00,359.55,370.45,346.9,353.4,229600,966025,2022-09-27
BANKNIFTY38500CE,27-09-2022 11:11:00,351.85,365.2,350.75,363.0,200250,1187050,2022-09-27
BANKNIFTY38500CE,27-09-2022 11:12:00,363.25,370.1,347.8,352.05,163575,1187050,2022-09-27
BANKNIFTY38500CE,27-09-2022 11:13:00,350.75,360.0,347.25,358.65,111375,1187050,2022-09-27
BANKNIFTY38500CE,27-09-2022 11:14:00,356.9,359.65,339.05,342.55,142175,1225725,2022-09-27
BANKNIFTY38500CE,27-09-2022 11:15:00,338.2,355.9,337.8,351.55,160725,1225725,2022-09-27
BANKNIFTY38500CE,27-09-2022 11:16:00,352.1,361.1,350.95,357.95,97525,1225725,2022-09-27
BANKNIFTY38500CE,27-09-2022 11:17:00,356.3,367.15,352.0,353.65,123850,1264425,2022-09-27
BANKNIFTY38500CE,27-09-2022 11:18:00,354.35,361.0,350.0,360.0,64775,1264425,2022-09-27
BANKNIFTY38500CE,27-09-2022 11:19:00,360.05,360.55,342.15,355.75,96175,1264425,2022-09-27
BANKNIFTY38500CE,27-09-2022 11:20:00,355.45,376.1,350.65,366.9,205350,1290575,2022-09-27
BANKNIFTY38500CE,27-09-2022 11:21:00,368.15,377.65,367.15,374.5,185475,1290575,2022-09-27
BANKNIFTY38500CE,27-09-2022 11:22:00,374.5,381.0,358.0,371.05,210700,1290575,2022-09-27
BANKNIFTY38500CE,27-09-2022 11:23:00,372.45,374.0,363.45,373.55,84900,1326025,2022-09-27
BANKNIFTY38500CE,27-09-2022 11:24:00,373.65,379.3,361.25,373.75,99475,1326025,2022-09-27
BANKNIFTY38500CE,27-09-2022 11:25:00,371.8,380.55,363.85,374.95,140975,1326025,2022-09-27
BANKNIFTY38500CE,27-09-2022 11:26:00,376.65,379.6,367.0,379.6,116550,1356025,2022-09-27
BANKNIFTY38500CE,27-09-2022 11:27:00,378.25,379.35,363.05,368.0,98875,1356025,2022-09-27
BANKNIFTY38500CE,27-09-2022 11:28:00,368.7,379.6,356.65,379.6,120475,1356025,2022-09-27
BANKNIFTY38500CE,27-09-2022 11:29:00,380.0,391.65,378.7,389.65,264850,1364450,2022-09-27
BANKNIFTY38500CE,27-09-2022 11:30:00,383.7,393.5,372.15,393.25,185525,1364450,2022-09-27
BANKNIFTY38500CE,27-09-2022 11:31:00,394.0,411.9,391.3,409.1,385175,1364450,2022-09-27
BANKNIFTY38500CE,27-09-2022 11:32:00,409.95,424.9,407.0,417.0,309900,1308450,2022-09-27
BANKNIFTY38500CE,27-09-2022 11:33:00,417.65,420.85,398.4,404.15,194350,1308450,2022-09-27
BANKNIFTY38500CE,27-09-2022 11:34:00,407.2,418.6,399.3,418.6,151875,1308450,2022-09-27
BANKNIFTY38500CE,27-09-2022 11:35:00,417.85,419.0,396.4,410.5,163975,1326025,2022-09-27
BANKNIFTY38500CE,27-09-2022 11:36:00,413.9,415.0,392.85,394.05,158550,1326025,2022-09-27
BANKNIFTY38500CE,27-09-2022 11:37:00,393.65,410.0,388.3,405.2,195150,1326025,2022-09-27
BANKNIFTY38500CE,27-09-2022 11:38:00,403.45,410.0,400.85,406.35,82825,1326025,2022-09-27
BANKNIFTY38500CE,27-09-2022 11:39:00,408.25,409.4,393.0,394.15,111100,1352300,2022-09-27
BANKNIFTY38500CE,27-09-2022 11:40:00,395.95,396.05,363.5,373.15,307075,1352300,2022-09-27
BANKNIFTY38500CE,27-09-2022 11:41:00,377.3,382.95,370.0,382.0,142100,1352300,2022-09-27
BANKNIFTY38500CE,27-09-2022 11:42:00,383.0,384.9,376.0,378.45,97275,1374275,2022-09-27
BANKNIFTY38500CE,27-09-2022 11:43:00,379.45,411.7,379.05,410.15,262975,1374275,2022-09-27
BANKNIFTY38500CE,27-09-2022 11:44:00,408.1,410.8,395.0,401.6,163750,1374275,2022-09-27
BANKNIFTY38500CE,27-09-2022 11:45:00,405.0,437.3,402.3,431.1,408875,1373925,2022-09-27
BANKNIFTY38500CE,27-09-2022 11:46:00,430.85,446.4,426.25,437.95,305625,1373925,2022-09-27
BANKNIFTY38500CE,27-09-2022 11:47:00,435.45,449.2,433.35,448.6,212975,1373925,2022-09-27
BANKNIFTY38500CE,27-09-2022 11:48:00,446.9,458.25,444.05,455.35,289275,1282250,2022-09-27
BANKNIFTY38500CE,27-09-2022 11:49:00,457.35,469.45,453.7,459.5,247925,1282250,2022-09-27
BANKNIFTY38500CE,27-09-2022 11:50:00,459.4,477.45,442.55,475.9,300975,1282250,2022-09-27
BANKNIFTY38500CE,27-09-2022 11:51:00,479.5,486.7,474.75,477.05,275925,1201875,2022-09-27
BANKNIFTY38500CE,27-09-2022 11:52:00,478.7,481.15,453.45,462.65,150875,1201875,2022-09-27
BANKNIFTY38500CE,27-09-2022 11:53:00,464.95,465.35,438.0,442.8,130425,1201875,2022-09-27
BANKNIFTY38500CE,27-09-2022 11:54:00,442.5,457.0,441.0,454.6,87950,1111275,2022-09-27
BANKNIFTY38500CE,27-09-2022 11:55:00,456.6,475.9,455.8,471.5,116475,1111275,2022-09-27
BANKNIFTY38500CE,27-09-2022 11:56:00,480.0,480.8,458.1,458.15,116800,1111275,2022-09-27
BANKNIFTY38500CE,27-09-2022 11:57:00,458.75,473.55,451.9,463.4,83175,1108450,2022-09-27
BANKNIFTY38500CE,27-09-2022 11:58:00,462.4,463.9,433.6,435.05,127750,1108450,2022-09-27
BANKNIFTY38500CE,27-09-2022 11:59:00,440.4,448.35,428.45,448.35,98275,1108450,2022-09-27
BANKNIFTY38500CE,27-09-2022 12:00:00,451.25,457.35,441.1,451.2,99950,1102575,2022-09-27
BANKNIFTY38500CE,27-09-2022 12:01:00,454.05,454.95,439.7,441.2,67025,1102575,2022-09-27
BANKNIFTY38500CE,27-09-2022 12:02:00,440.6,443.4,434.05,441.4,55850,1102575,2022-09-27
BANKNIFTY38500CE,27-09-2022 12:03:00,440.0,456.0,438.8,453.75,73100,1085825,2022-09-27
BANKNIFTY38500CE,27-09-2022 12:04:00,456.1,478.0,455.55,471.0,146475,1085825,2022-09-27
BANKNIFTY38500CE,27-09-2022 12:05:00,469.75,499.0,469.75,486.3,248450,1085825,2022-09-27
BANKNIFTY38500CE,27-09-2022 12:06:00,485.35,486.85,456.6,468.75,103950,1078550,2022-09-27
BANKNIFTY38500CE,27-09-2022 12:07:00,468.25,470.0,445.05,453.95,93875,1078550,2022-09-27
BANKNIFTY38500CE,27-09-2022 12:08:00,452.85,483.3,450.0,483.2,106475,1078550,2022-09-27
BANKNIFTY38500CE,27-09-2022 12:09:00,486.25,512.0,482.2,508.0,289900,1079450,2022-09-27
BANKNIFTY38500CE,27-09-2022 12:10:00,512.4,513.35,493.8,503.65,190875,1079450,2022-09-27
BANKNIFTY38500CE,27-09-2022 12:11:00,501.75,507.6,484.05,491.95,106725,1079450,2022-09-27
BANKNIFTY38500CE,27-09-2022 12:12:00,494.8,505.45,491.7,501.8,86900,1040350,2022-09-27
BANKNIFTY38500CE,27-09-2022 12:13:00,501.75,504.65,486.0,492.1,61100,1040350,2022-09-27
BANKNIFTY38500CE,27-09-2022 12:14:00,488.2,491.8,455.4,466.45,143925,1040350,2022-09-27
BANKNIFTY38500CE,27-09-2022 12:15:00,463.9,482.0,456.85,465.85,87975,1067325,2022-09-27
BANKNIFTY38500CE,27-09-2022 12:16:00,464.5,471.9,430.25,441.4,113275,1067325,2022-09-27
BANKNIFTY38500CE,27-09-2022 12:17:00,441.1,447.4,427.7,435.5,115550,1067325,2022-09-27
BANKNIFTY38500CE,27-09-2022 12:18:00,432.95,433.95,413.95,426.15,161950,1067450,2022-09-27
BANKNIFTY38500CE,27-09-2022 12:19:00,426.25,426.65,409.6,420.5,99050,1067450,2022-09-27
BANKNIFTY38500CE,27-09-2022 12:20:00,420.5,425.0,397.05,418.05,218875,1067450,2022-09-27
BANKNIFTY38500CE,27-09-2022 12:21:00,418.3,421.55,404.65,410.6,121650,1111500,2022-09-27
BANKNIFTY38500CE,27-09-2022 12:22:00,408.3,413.75,398.55,410.15,104225,1111500,2022-09-27
BANKNIFTY38500CE,27-09-2022 12:23:00,410.35,430.0,406.0,426.45,150050,1111500,2022-09-27
BANKNIFTY38500CE,27-09-2022 12:24:00,425.0,435.0,418.85,432.05,135850,1119100,2022-09-27
BANKNIFTY38500CE,27-09-2022 12:25:00,433.15,450.7,431.35,443.0,174400,1119100,2022-09-27
BANKNIFTY38500CE,27-09-2022 12:26:00,442.85,443.65,413.15,414.0,118175,1119100,2022-09-27
BANKNIFTY38500CE,27-09-2022 12:27:00,410.6,420.4,403.4,407.75,100425,1119700,2022-09-27
BANKNIFTY38500CE,27-09-2022 12:28:00,405.15,411.3,396.4,403.8,110550,1119700,2022-09-27
BANKNIFTY38500CE,27-09-2022 12:29:00,404.7,406.6,398.75,403.2,69725,1119700,2022-09-27
BANKNIFTY38500CE,27-09-2022 12:30:00,403.25,421.65,402.25,420.3,143675,1130625,2022-09-27
BANKNIFTY38500CE,27-09-2022 12:31:00,420.85,435.2,417.35,421.1,109025,1130625,2022-09-27
BANKNIFTY38500CE,27-09-2022 12:32:00,420.05,426.3,405.75,426.3,103975,1130625,2022-09-27
BANKNIFTY38500CE,27-09-2022 12:33:00,425.15,427.35,413.5,421.1,50950,1173225,2022-09-27
BANKNIFTY38500CE,27-09-2022 12:34:00,423.95,448.95,423.7,445.4,140800,1173225,2022-09-27
BANKNIFTY38500CE,27-09-2022 12:35:00,449.6,454.45,437.15,441.2,163925,1173225,2022-09-27
BANKNIFTY38500CE,27-09-2022 12:36:00,439.35,447.85,431.0,432.25,77600,1162775,2022-09-27
BANKNIFTY38500CE,27-09-2022 12:37:00,432.9,440.55,417.45,417.5,95550,1162775,2022-09-27
BANKNIFTY38500CE,27-09-2022 12:38:00,419.35,432.65,415.9,417.2,61725,1162775,2022-09-27
BANKNIFTY38500CE,27-09-2022 12:39:00,416.5,425.75,413.3,420.75,49800,1161700,2022-09-27
BANKNIFTY38500CE,27-09-2022 12:40:00,424.3,427.5,399.95,405.0,136600,1161700,2022-09-27
BANKNIFTY38500CE,27-09-2022 12:41:00,404.8,415.0,402.8,409.05,101950,1161700,2022-09-27
BANKNIFTY38500CE,27-09-2022 12:42:00,408.0,409.05,375.95,376.2,180400,1196325,2022-09-27
BANKNIFTY38500CE,27-09-2022 12:43:00,378.95,385.6,365.5,368.15,236025,1196325,2022-09-27
BANKNIFTY38500CE,27-09-2022 12:44:00,366.6,372.3,357.65,362.3,229050,1196325,2022-09-27
BANKNIFTY38500CE,27-09-2022 12:45:00,361.55,372.2,351.5,367.75,216075,1330075,2022-09-27
BANKNIFTY38500CE,27-09-2022 12:46:00,367.6,375.0,367.0,374.2,142775,1330075,2022-09-27
BANKNIFTY38500CE,27-09-2022 12:47:00,373.05,390.75,372.0,390.75,181825,1330075,2022-09-27
BANKNIFTY38500CE,27-09-2022 12:48:00,390.05,390.85,378.6,382.35,124450,1386725,2022-09-27
BANKNIFTY38500CE,27-09-2022 12:49:00,380.6,385.0,375.15,381.3,84100,1386725,2022-09-27
BANKNIFTY38500CE,27-09-2022 12:50:00,380.8,406.65,374.2,406.65,184750,1386725,2022-09-27
BANKNIFTY38500CE,27-09-2022 12:51:00,405.95,419.55,402.15,410.85,275325,1403325,2022-09-27
BANKNIFTY38500CE,27-09-2022 12:52:00,410.25,424.8,408.95,423.9,164475,1403325,2022-09-27
BANKNIFTY38500CE,27-09-2022 12:53:00,424.5,428.3,416.1,420.0,137350,1403325,2022-09-27
BANKNIFTY38500CE,27-09-2022 12:54:00,420.8,434.55,416.5,433.7,129000,1419775,2022-09-27
BANKNIFTY38500CE,27-09-2022 12:55:00,437.35,441.65,425.9,429.85,188950,1419775,2022-09-27
BANKNIFTY38500CE,27-09-2022 12:56:00,431.3,460.0,431.3,458.45,193850,1419775,2022-09-27
BANKNIFTY38500CE,27-09-2022 12:57:00,462.75,473.65,460.4,463.35,255725,1354450,2022-09-27
BANKNIFTY38500CE,27-09-2022 12:58:00,468.6,470.5,450.0,460.8,128475,1354450,2022-09-27
BANKNIFTY38500CE,27-09-2022 12:59:00,462.05,468.4,458.05,461.3,106050,1354450,2022-09-27
BANKNIFTY38500CE,27-09-2022 13:00:00,465.95,483.45,458.7,463.8,243675,1323200,2022-09-27
BANKNIFTY38500CE,27-09-2022 13:01:00,464.6,464.95,439.75,443.1,147725,1323200,2022-09-27
BANKNIFTY38500CE,27-09-2022 13:02:00,442.8,456.4,436.0,453.1,97825,1323200,2022-09-27
BANKNIFTY38500CE,27-09-2022 13:03:00,454.0,462.7,440.5,440.55,94650,1289800,2022-09-27
BANKNIFTY38500CE,27-09-2022 13:04:00,438.2,440.45,414.35,424.05,188950,1289800,2022-09-27
BANKNIFTY38500CE,27-09-2022 13:05:00,424.6,433.05,414.0,431.75,125275,1289800,2022-09-27
BANKNIFTY38500CE,27-09-2022 13:06:00,435.85,435.85,406.85,422.85,121225,1303975,2022-09-27
BANKNIFTY38500CE,27-09-2022 13:07:00,424.2,437.7,413.85,437.7,98175,1303975,2022-09-27
BANKNIFTY38500CE,27-09-2022 13:08:00,437.75,457.65,437.4,445.95,161550,1303975,2022-09-27
BANKNIFTY38500CE,27-09-2022 13:09:00,448.1,450.4,432.3,443.15,82775,1303300,2022-09-27
BANKNIFTY38500CE,27-09-2022 13:10:00,442.65,459.4,440.55,459.4,71700,1303300,2022-09-27
BANKNIFTY38500CE,27-09-2022 13:11:00,456.6,462.5,449.6,456.15,99175,1303300,2022-09-27
BANKNIFTY38500CE,27-09-2022 13:12:00,456.05,457.15,434.65,434.65,69625,1304300,2022-09-27
BANKNIFTY38500CE,27-09-2022 13:13:00,435.3,443.95,422.6,440.85,87200,1304300,2022-09-27
BANKNIFTY38500CE,27-09-2022 13:14:00,440.85,462.95,439.7,458.4,98900,1304300,2022-09-27
BANKNIFTY38500CE,27-09-2022 13:15:00,460.0,461.3,441.95,451.8,107075,1312625,2022-09-27
BANKNIFTY38500CE,27-09-2022 13:16:00,452.85,473.2,451.35,466.55,136700,1312625,2022-09-27
BANKNIFTY38500CE,27-09-2022 13:17:00,466.3,470.0,456.4,463.9,84375,1312625,2022-09-27
BANKNIFTY38500CE,27-09-2022 13:18:00,462.65,470.75,459.85,465.0,74475,1313100,2022-09-27
BANKNIFTY38500CE,27-09-2022 13:19:00,463.75,491.55,460.6,488.65,233550,1313100,2022-09-27
BANKNIFTY38500CE,27-09-2022 13:20:00,488.2,497.75,476.2,479.5,230575,1313100,2022-09-27
BANKNIFTY38500CE,27-09-2022 13:21:00,478.8,479.8,461.65,466.1,164600,1300350,2022-09-27
BANKNIFTY38500CE,27-09-2022 13:22:00,466.2,482.1,463.4,481.9,82450,1300350,2022-09-27
BANKNIFTY38500CE,27-09-2022 13:23:00,483.9,503.8,480.45,494.15,267300,1300350,2022-09-27
BANKNIFTY38500CE,27-09-2022 13:24:00,499.7,506.55,482.6,489.5,201275,1209475,2022-09-27
BANKNIFTY38500CE,27-09-2022 13:25:00,487.7,489.6,452.65,454.7,162250,1209475,2022-09-27
BANKNIFTY38500CE,27-09-2022 13:26:00,455.3,463.6,443.05,455.45,117825,1209475,2022-09-27
BANKNIFTY38500CE,27-09-2022 13:27:00,454.35,456.1,433.0,443.6,91250,1188225,2022-09-27
BANKNIFTY38500CE,27-09-2022 13:28:00,444.2,448.0,437.6,443.5,58750,1188225,2022-09-27
BANKNIFTY38500CE,27-09-2022 13:29:00,441.25,456.75,436.1,456.75,69850,1188225,2022-09-27
BANKNIFTY38500CE,27-09-2022 13:30:00,456.4,474.6,445.65,474.35,123375,1196425,2022-09-27
BANKNIFTY38500CE,27-09-2022 13:31:00,475.5,484.0,469.0,484.0,103425,1196425,2022-09-27
BANKNIFTY38500CE,27-09-2022 13:32:00,484.95,484.95,463.3,466.2,78525,1196425,2022-09-27
BANKNIFTY38500CE,27-09-2022 13:33:00,464.4,473.3,463.85,470.45,51250,1173100,2022-09-27
BANKNIFTY38500CE,27-09-2022 13:34:00,470.85,478.0,448.0,448.0,80375,1173100,2022-09-27
BANKNIFTY38500CE,27-09-2022 13:35:00,443.8,450.65,436.0,437.5,102775,1173100,2022-09-27
BANKNIFTY38500CE,27-09-2022 13:36:00,441.7,441.7,411.8,414.5,173475,1177325,2022-09-27
BANKNIFTY38500CE,27-09-2022 13:37:00,412.8,450.65,406.3,446.05,190875,1177325,2022-09-27
BANKNIFTY38500CE,27-09-2022 13:38:00,443.95,449.85,430.85,441.2,78150,1177325,2022-09-27
BANKNIFTY38500CE,27-09-2022 13:39:00,443.0,447.35,434.4,444.1,73625,1198225,2022-09-27
BANKNIFTY38500CE,27-09-2022 13:40:00,445.05,447.95,432.8,446.65,58350,1198225,2022-09-27
BANKNIFTY38500CE,27-09-2022 13:41:00,445.75,446.65,425.45,432.65,77000,1198225,2022-09-27
BANKNIFTY38500CE,27-09-2022 13:42:00,431.9,442.45,423.7,428.2,80025,1195675,2022-09-27
BANKNIFTY38500CE,27-09-2022 13:43:00,428.0,435.5,424.0,435.0,49700,1195675,2022-09-27
BANKNIFTY38500CE,27-09-2022 13:44:00,434.25,444.8,431.45,443.35,68275,1195675,2022-09-27
BANKNIFTY38500CE,27-09-2022 13:45:00,441.7,458.75,440.3,458.75,113475,1198900,2022-09-27
BANKNIFTY38500CE,27-09-2022 13:46:00,456.45,462.6,445.35,451.3,105250,1198900,2022-09-27
BANKNIFTY38500CE,27-09-2022 13:47:00,453.15,454.55,431.65,447.0,61275,1198900,2022-09-27
BANKNIFTY38500CE,27-09-2022 13:48:00,442.8,445.9,427.7,430.2,49750,1195075,2022-09-27
BANKNIFTY38500CE,27-09-2022 13:49:00,429.9,430.05,417.3,421.5,110625,1195075,2022-09-27
BANKNIFTY38500CE,27-09-2022 13:50:00,418.35,431.45,416.85,428.05,75250,1195075,2022-09-27
BANKNIFTY38500CE,27-09-2022 13:51:00,427.65,442.4,427.65,440.1,73975,1201425,2022-09-27
BANKNIFTY38500CE,27-09-2022 13:52:00,440.3,440.9,421.35,423.2,70075,1201425,2022-09-27
BANKNIFTY38500CE,27-09-2022 13:53:00,423.95,443.9,423.05,443.9,79750,1201425,2022-09-27
BANKNIFTY38500CE,27-09-2022 13:54:00,442.55,461.45,438.45,453.45,134450,1206125,2022-09-27
BANKNIFTY38500CE,27-09-2022 13:55:00,451.85,455.0,439.45,446.25,68750,1206125,2022-09-27
BANKNIFTY38500CE,27-09-2022 13:56:00,444.25,452.75,434.5,440.3,50575,1206125,2022-09-27
BANKNIFTY38500CE,27-09-2022 13:57:00,438.0,450.65,436.3,446.35,48325,1208825,2022-09-27
BANKNIFTY38500CE,27-09-2022 13:58:00,446.65,453.6,440.55,443.05,31450,1208825,2022-09-27
BANKNIFTY38500CE,27-09-2022 13:59:00,442.5,451.35,434.2,447.25,57600,1208825,2022-09-27
BANKNIFTY38500CE,27-09-2022 14:00:00,444.7,445.9,420.1,431.3,98875,1207125,2022-09-27
BANKNIFTY38500CE,27-09-2022 14:01:00,430.95,435.0,420.15,434.25,51150,1207125,2022-09-27
BANKNIFTY38500CE,27-09-2022 14:02:00,435.0,472.25,434.45,453.55,240700,1207125,2022-09-27
BANKNIFTY38500CE,27-09-2022 14:03:00,450.4,459.5,446.15,454.75,75400,1204725,2022-09-27
BANKNIFTY38500CE,27-09-2022 14:04:00,453.95,464.0,451.3,453.9,74800,1204725,2022-09-27
BANKNIFTY38500CE,27-09-2022 14:05:00,454.7,467.5,438.8,446.2,97750,1204725,2022-09-27
BANKNIFTY38500CE,27-09-2022 14:06:00,444.9,465.7,431.8,449.15,117325,1196650,2022-09-27
BANKNIFTY38500CE,27-09-2022 14:07:00,449.1,449.4,427.75,435.3,78925,1196650,2022-09-27
BANKNIFTY38500CE,27-09-2022 14:08:00,436.85,441.8,424.2,441.8,72400,1196650,2022-09-27
BANKNIFTY38500CE,27-09-2022 14:09:00,440.95,443.55,425.55,430.6,62800,1198450,2022-09-27
BANKNIFTY38500CE,27-09-2022 14:10:00,430.2,437.25,413.65,419.8,114350,1198450,2022-09-27
BANKNIFTY38500CE,27-09-2022 14:11:00,416.45,419.6,388.2,396.0,211250,1198450,2022-09-27
BANKNIFTY38500CE,27-09-2022 14:12:00,394.55,398.3,387.45,393.15,159750,1222375,2022-09-27
BANKNIFTY38500CE,27-09-2022 14:13:00,391.7,407.6,388.05,391.1,163350,1222375,2022-09-27
BANKNIFTY38500CE,27-09-2022 14:14:00,391.25,395.0,373.3,383.55,166525,1222375,2022-09-27
BANKNIFTY38500CE,27-09-2022 14:15:00,382.0,393.05,380.0,387.65,167425,1302650,2022-09-27
BANKNIFTY38500CE,27-09-2022 14:16:00,386.0,397.3,385.35,394.25,100375,1302650,2022-09-27
BANKNIFTY38500CE,27-09-2022 14:17:00,393.75,399.45,387.3,396.4,113825,1302650,2022-09-27
BANKNIFTY38500CE,27-09-2022 14:18:00,395.85,406.15,387.6,388.95,157425,1326025,2022-09-27
BANKNIFTY38500CE,27-09-2022 14:19:00,390.7,398.2,379.35,381.85,84775,1326025,2022-09-27
BANKNIFTY38500CE,27-09-2022 14:20:00,379.8,395.0,373.45,374.7,177500,1326025,2022-09-27
BANKNIFTY38500CE,27-09-2022 14:21:00,372.3,375.8,357.0,366.4,235825,1328600,2022-09-27
BANKNIFTY38500CE,27-09-2022 14:22:00,367.15,377.2,362.2,370.3,129750,1328600,2022-09-27
BANKNIFTY38500CE,27-09-2022 14:23:00,370.2,371.25,358.25,362.15,146500,1328600,2022-09-27
BANKNIFTY38500CE,27-09-2022 14:24:00,360.75,366.05,344.3,346.6,281200,1392625,2022-09-27
BANKNIFTY38500CE,27-09-2022 14:25:00,344.0,355.9,342.8,352.3,220400,1392625,2022-09-27
BANKNIFTY38500CE,27-09-2022 14:26:00,353.7,358.4,336.55,336.55,230725,1392625,2022-09-27
BANKNIFTY38500CE,27-09-2022 14:27:00,330.35,334.95,312.05,315.8,365850,1492475,2022-09-27
BANKNIFTY38500CE,27-09-2022 14:28:00,315.8,324.25,308.0,313.05,324525,1492475,2022-09-27
BANKNIFTY38500CE,27-09-2022 14:29:00,311.7,328.0,301.7,325.65,279175,1492475,2022-09-27
BANKNIFTY38500CE,27-09-2022 14:30:00,326.1,326.1,307.0,314.45,232325,1616100,2022-09-27
BANKNIFTY38500CE,27-09-2022 14:31:00,315.5,316.15,294.7,307.05,306425,1616100,2022-09-27
BANKNIFTY38500CE,27-09-2022 14:32:00,304.35,306.5,288.0,296.2,216475,1616100,2022-09-27
BANKNIFTY38500CE,27-09-2022 14:33:00,294.8,318.2,292.65,318.2,254850,1711625,2022-09-27
BANKNIFTY38500CE,27-09-2022 14:34:00,318.1,319.25,297.7,304.15,249100,1711625,2022-09-27
BANKNIFTY38500CE,27-09-2022 14:35:00,302.2,314.5,297.8,312.45,153125,1711625,2022-09-27
BANKNIFTY38500CE,27-09-2022 14:36:00,311.0,323.5,309.65,314.8,210625,1798225,2022-09-27
BANKNIFTY38500CE,27-09-2022 14:37:00,312.5,326.8,308.4,325.55,169725,1798225,2022-09-27
BANKNIFTY38500CE,27-09-2022 14:38:00,321.0,327.35,311.25,314.9,183825,1798225,2022-09-27
BANKNIFTY38500CE,27-09-2022 14:39:00,315.7,316.35,300.45,303.05,168075,1804400,2022-09-27
BANKNIFTY38500CE,27-09-2022 14:40:00,301.3,303.75,289.4,294.5,211600,1804400,2022-09-27
BANKNIFTY38500CE,27-09-2022 14:41:00,293.4,294.4,269.55,269.55,268325,1804400,2022-09-27
BANKNIFTY38500CE,27-09-2022 14:42:00,268.85,275.35,265.15,271.3,228400,1827400,2022-09-27
BANKNIFTY38500CE,27-09-2022 14:43:00,269.75,273.65,264.75,268.0,198425,1827400,2022-09-27
BANKNIFTY38500CE,27-09-2022 14:44:00,269.8,275.2,261.65,274.05,207425,1827400,2022-09-27
BANKNIFTY38500CE,27-09-2022 14:45:00,272.0,288.0,271.0,272.75,282400,1986650,2022-09-27
BANKNIFTY38500CE,27-09-2022 14:46:00,272.3,276.0,264.6,266.95,134500,1986650,2022-09-27
BANKNIFTY38500CE,27-09-2022 14:47:00,266.95,277.05,262.7,273.6,135525,1986650,2022-09-27
BANKNIFTY38500CE,27-09-2022 14:48:00,274.5,286.65,270.8,286.65,142950,1985575,2022-09-27
BANKNIFTY38500CE,27-09-2022 14:49:00,286.45,287.35,276.55,279.75,108775,1985575,2022-09-27
BANKNIFTY38500CE,27-09-2022 14:50:00,277.5,293.2,277.5,285.4,255525,1985575,2022-09-27
BANKNIFTY38500CE,27-09-2022 14:51:00,283.75,290.2,272.95,286.4,180375,2030600,2022-09-27
BANKNIFTY38500CE,27-09-2022 14:52:00,288.25,288.25,279.9,286.75,104600,2030600,2022-09-27
BANKNIFTY38500CE,27-09-2022 14:53:00,287.1,289.3,267.85,268.4,159350,2030600,2022-09-27
BANKNIFTY38500CE,27-09-2022 14:54:00,269.75,272.7,257.15,258.6,228650,2062750,2022-09-27
BANKNIFTY38500CE,27-09-2022 14:55:00,257.05,274.8,257.0,269.35,164275,2062750,2022-09-27
BANKNIFTY38500CE,27-09-2022 14:56:00,269.6,275.2,264.2,269.4,85475,2062750,2022-09-27
BANKNIFTY38500CE,27-09-2022 14:57:00,269.35,274.05,264.4,267.95,79000,2077300,2022-09-27
BANKNIFTY38500CE,27-09-2022 14:58:00,271.25,272.7,260.75,260.75,140725,2077300,2022-09-27
BANKNIFTY38500CE,27-09-2022 14:59:00,264.3,272.8,261.5,272.8,88325,2077300,2022-09-27
BANKNIFTY38500CE,27-09-2022 15:00:00,276.0,304.6,267.25,272.8,459050,2116375,2022-09-27
BANKNIFTY38500CE,27-09-2022 15:01:00,269.2,275.85,241.3,247.3,333575,2116375,2022-09-27
BANKNIFTY38500CE,27-09-2022 15:02:00,248.75,258.6,244.9,251.65,233825,2116375,2022-09-27
BANKNIFTY38500CE,27-09-2022 15:03:00,250.6,258.2,240.15,254.9,306125,2142250,2022-09-27
BANKNIFTY38500CE,27-09-2022 15:04:00,253.4,257.9,245.45,253.2,233250,2142250,2022-09-27
BANKNIFTY38500CE,27-09-2022 15:05:00,252.35,262.9,251.45,255.5,194600,2142250,2022-09-27
BANKNIFTY38500CE,27-09-2022 15:06:00,256.45,277.9,255.35,272.9,265425,2290275,2022-09-27
BANKNIFTY38500CE,27-09-2022 15:07:00,273.95,281.7,266.85,267.7,185850,2290275,2022-09-27
BANKNIFTY38500CE,27-09-2022 15:08:00,269.4,272.6,256.4,268.15,173225,2290275,2022-09-27
BANKNIFTY38500CE,27-09-2022 15:09:00,266.95,281.7,266.6,275.0,178600,2283500,2022-09-27
BANKNIFTY38500CE,27-09-2022 15:10:00,279.55,286.55,275.85,286.55,199825,2283500,2022-09-27
BANKNIFTY38500CE,27-09-2022 15:11:00,286.15,298.0,285.1,289.5,278675,2283500,2022-09-27
BANKNIFTY38500CE,27-09-2022 15:12:00,289.95,299.65,279.5,295.15,231150,2270675,2022-09-27
BANKNIFTY38500CE,27-09-2022 15:13:00,295.5,299.7,288.1,296.45,241000,2270675,2022-09-27
BANKNIFTY38500CE,27-09-2022 15:14:00,298.2,309.0,292.8,299.0,288975,2270675,2022-09-27
BANKNIFTY38500CE,27-09-2022 15:15:00,299.5,318.5,298.45,314.25,315125,2315000,2022-09-27
BANKNIFTY38500CE,27-09-2022 15:16:00,311.35,321.75,309.25,319.2,287775,2315000,2022-09-27
BANKNIFTY38500CE,27-09-2022 15:17:00,318.95,349.15,318.6,346.25,385100,2315000,2022-09-27
BANKNIFTY38500CE,27-09-2022 15:18:00,351.0,373.55,350.45,368.2,514125,2249425,2022-09-27
BANKNIFTY38500CE,27-09-2022 15:19:00,363.55,374.4,356.2,361.05,354525,2249425,2022-09-27
BANKNIFTY38500CE,27-09-2022 15:20:00,362.0,385.95,361.8,365.0,543000,2249425,2022-09-27
BANKNIFTY38500CE,27-09-2022 15:21:00,364.0,366.45,349.85,358.4,291950,2171825,2022-09-27
BANKNIFTY38500CE,27-09-2022 15:22:00,363.95,364.0,328.55,345.55,255350,2171825,2022-09-27
BANKNIFTY38500CE,27-09-2022 15:23:00,346.75,357.9,340.25,355.0,239425,2171825,2022-09-27
BANKNIFTY38500CE,27-09-2022 15:24:00,354.3,357.0,347.35,356.45,162700,2094000,2022-09-27
BANKNIFTY38500CE,27-09-2022 15:25:00,356.95,361.7,352.55,358.8,246825,2094000,2022-09-27
BANKNIFTY38500CE,27-09-2022 15:26:00,359.65,370.85,359.2,370.85,166500,2094000,2022-09-27
BANKNIFTY38500CE,27-09-2022 15:27:00,370.5,376.85,366.65,372.6,208175,1919575,2022-09-27
BANKNIFTY38500CE,27-09-2022 15:28:00,375.75,376.75,364.7,365.3,377425,1919575,2022-09-27
BANKNIFTY38500CE,27-09-2022 15:29:00,364.1,375.0,360.85,372.05,259225,1919575,2022-09-27
