Ticker,Date/Time,Open,High,Low,Close,Volume,Open Interest,Date
BANKNIFTYWK35200PE,31-05-2022 09:15:00,155.25,179.0,155.25,165.9,185300,685625,2022-05-31
BANKNIFTYWK35200PE,31-05-2022 09:16:00,168.0,168.0,157.55,158.8,152450,685625,2022-05-31
BANKNIFTYWK35200PE,31-05-2022 09:17:00,157.45,157.45,146.9,153.1,170350,755975,2022-05-31
BANKNIFTYWK35200PE,31-05-2022 09:18:00,151.6,158.25,150.9,156.95,103900,755975,2022-05-31
BANKNIFTYWK35200PE,31-05-2022 09:19:00,155.4,155.4,151.0,151.0,82150,755975,2022-05-31
BANKNIFTYWK35200PE,31-05-2022 09:20:00,149.55,153.8,144.0,144.0,164800,815300,2022-05-31
BANKNIFTYWK35200PE,31-05-2022 09:21:00,143.75,154.55,142.65,153.8,92900,815300,2022-05-31
BANKNIFTYWK35200PE,31-05-2022 09:22:00,153.65,157.5,153.65,155.9,63475,815300,2022-05-31
BANKNIFTYWK35200PE,31-05-2022 09:23:00,155.3,158.4,151.7,155.8,53750,821600,2022-05-31
BANKNIFTYWK35200PE,31-05-2022 09:24:00,155.6,161.8,155.6,160.45,65500,821600,2022-05-31
BANKNIFTYWK35200PE,31-05-2022 09:25:00,161.0,163.8,157.45,157.45,89025,821600,2022-05-31
BANKNIFTYWK35200PE,31-05-2022 09:26:00,157.5,166.95,157.05,164.65,61050,825800,2022-05-31
BANKNIFTYWK35200PE,31-05-2022 09:27:00,165.6,165.9,159.05,159.7,64625,825800,2022-05-31
BANKNIFTYWK35200PE,31-05-2022 09:28:00,159.5,163.65,159.2,160.65,43900,825800,2022-05-31
BANKNIFTYWK35200PE,31-05-2022 09:29:00,161.55,167.45,158.65,160.65,84275,843125,2022-05-31
BANKNIFTYWK35200PE,31-05-2022 09:30:00,159.3,166.6,159.3,164.9,86625,843125,2022-05-31
BANKNIFTYWK35200PE,31-05-2022 09:31:00,164.95,167.45,162.95,166.95,50175,843125,2022-05-31
BANKNIFTYWK35200PE,31-05-2022 09:32:00,167.05,168.3,164.25,166.0,78050,844325,2022-05-31
BANKNIFTYWK35200PE,31-05-2022 09:33:00,166.15,169.15,165.15,166.8,52175,844325,2022-05-31
BANKNIFTYWK35200PE,31-05-2022 09:34:00,166.9,166.9,159.75,161.5,103725,844325,2022-05-31
BANKNIFTYWK35200PE,31-05-2022 09:35:00,161.3,162.95,157.35,157.95,47450,835275,2022-05-31
BANKNIFTYWK35200PE,31-05-2022 09:36:00,157.55,159.5,154.4,158.85,61450,835275,2022-05-31
BANKNIFTYWK35200PE,31-05-2022 09:37:00,158.8,161.5,158.2,159.75,30350,835275,2022-05-31
BANKNIFTYWK35200PE,31-05-2022 09:38:00,160.15,162.75,159.15,161.75,24550,854100,2022-05-31
BANKNIFTYWK35200PE,31-05-2022 09:39:00,161.5,166.0,159.2,159.2,41175,854100,2022-05-31
BANKNIFTYWK35200PE,31-05-2022 09:40:00,159.0,161.9,157.0,160.65,33925,854100,2022-05-31
BANKNIFTYWK35200PE,31-05-2022 09:41:00,160.65,161.9,159.0,160.3,22525,863875,2022-05-31
BANKNIFTYWK35200PE,31-05-2022 09:42:00,159.85,161.0,157.1,157.4,32950,863875,2022-05-31
BANKNIFTYWK35200PE,31-05-2022 09:43:00,157.8,159.05,153.15,153.8,37650,863875,2022-05-31
BANKNIFTYWK35200PE,31-05-2022 09:44:00,153.65,155.15,150.65,152.3,39875,869225,2022-05-31
BANKNIFTYWK35200PE,31-05-2022 09:45:00,151.7,153.15,147.0,152.6,94550,869225,2022-05-31
BANKNIFTYWK35200PE,31-05-2022 09:46:00,152.6,152.8,147.05,147.45,62675,869225,2022-05-31
BANKNIFTYWK35200PE,31-05-2022 09:47:00,147.15,150.25,146.15,146.7,50850,848000,2022-05-31
BANKNIFTYWK35200PE,31-05-2022 09:48:00,146.3,147.7,143.45,146.1,56925,848000,2022-05-31
BANKNIFTYWK35200PE,31-05-2022 09:49:00,145.6,148.25,144.0,146.7,38550,848000,2022-05-31
BANKNIFTYWK35200PE,31-05-2022 09:50:00,147.0,149.6,146.7,149.2,24400,863475,2022-05-31
BANKNIFTYWK35200PE,31-05-2022 09:51:00,149.2,149.3,146.25,149.15,26900,863475,2022-05-31
BANKNIFTYWK35200PE,31-05-2022 09:52:00,149.25,150.8,147.4,150.0,20925,863475,2022-05-31
BANKNIFTYWK35200PE,31-05-2022 09:53:00,149.95,150.8,146.05,146.7,48675,862350,2022-05-31
BANKNIFTYWK35200PE,31-05-2022 09:54:00,146.35,149.5,144.7,145.15,50950,862350,2022-05-31
BANKNIFTYWK35200PE,31-05-2022 09:55:00,144.4,147.85,143.1,146.95,51775,862350,2022-05-31
BANKNIFTYWK35200PE,31-05-2022 09:56:00,147.05,147.45,141.75,144.45,30425,866175,2022-05-31
BANKNIFTYWK35200PE,31-05-2022 09:57:00,144.35,147.0,144.05,145.2,41950,866175,2022-05-31
BANKNIFTYWK35200PE,31-05-2022 09:58:00,145.55,145.55,137.4,140.1,76100,866175,2022-05-31
BANKNIFTYWK35200PE,31-05-2022 09:59:00,140.0,144.35,139.4,140.7,55800,845325,2022-05-31
BANKNIFTYWK35200PE,31-05-2022 10:00:00,140.35,141.75,129.85,132.25,95925,845325,2022-05-31
BANKNIFTYWK35200PE,31-05-2022 10:01:00,132.1,134.35,130.5,134.3,61600,845325,2022-05-31
BANKNIFTYWK35200PE,31-05-2022 10:02:00,133.7,137.55,133.7,134.45,49450,856875,2022-05-31
BANKNIFTYWK35200PE,31-05-2022 10:03:00,134.7,134.7,125.8,130.2,108625,856875,2022-05-31
BANKNIFTYWK35200PE,31-05-2022 10:04:00,130.0,131.55,128.15,130.15,71600,856875,2022-05-31
BANKNIFTYWK35200PE,31-05-2022 10:05:00,130.85,131.0,128.1,130.0,44150,874375,2022-05-31
BANKNIFTYWK35200PE,31-05-2022 10:06:00,130.1,133.4,129.55,133.0,29250,874375,2022-05-31
BANKNIFTYWK35200PE,31-05-2022 10:07:00,132.55,133.2,127.45,128.25,28750,874375,2022-05-31
BANKNIFTYWK35200PE,31-05-2022 10:08:00,128.9,131.6,127.65,130.5,19200,879550,2022-05-31
BANKNIFTYWK35200PE,31-05-2022 10:09:00,130.0,132.05,128.85,129.65,24800,879550,2022-05-31
BANKNIFTYWK35200PE,31-05-2022 10:10:00,129.0,132.25,127.3,132.15,30375,879550,2022-05-31
BANKNIFTYWK35200PE,31-05-2022 10:11:00,131.5,133.35,129.05,130.4,31300,884375,2022-05-31
BANKNIFTYWK35200PE,31-05-2022 10:12:00,130.5,130.9,123.85,128.3,52875,884375,2022-05-31
BANKNIFTYWK35200PE,31-05-2022 10:13:00,127.75,130.85,127.75,128.0,31625,884375,2022-05-31
BANKNIFTYWK35200PE,31-05-2022 10:14:00,128.2,129.45,124.2,126.9,30525,895500,2022-05-31
BANKNIFTYWK35200PE,31-05-2022 10:15:00,127.35,130.95,127.2,130.95,31000,895500,2022-05-31
BANKNIFTYWK35200PE,31-05-2022 10:16:00,131.0,131.85,129.4,130.0,42375,895500,2022-05-31
BANKNIFTYWK35200PE,31-05-2022 10:17:00,130.15,133.95,129.65,133.45,31900,911525,2022-05-31
BANKNIFTYWK35200PE,31-05-2022 10:18:00,133.35,134.7,131.15,134.55,28250,911525,2022-05-31
BANKNIFTYWK35200PE,31-05-2022 10:19:00,134.25,136.0,132.3,132.35,35050,911525,2022-05-31
BANKNIFTYWK35200PE,31-05-2022 10:20:00,133.2,135.2,131.25,133.7,39500,902825,2022-05-31
BANKNIFTYWK35200PE,31-05-2022 10:21:00,133.7,133.7,130.15,133.1,25475,902825,2022-05-31
BANKNIFTYWK35200PE,31-05-2022 10:22:00,133.45,134.2,130.7,130.9,16925,902825,2022-05-31
BANKNIFTYWK35200PE,31-05-2022 10:23:00,130.5,130.8,128.6,129.65,27550,916225,2022-05-31
BANKNIFTYWK35200PE,31-05-2022 10:24:00,129.95,132.0,129.55,131.3,17575,916225,2022-05-31
BANKNIFTYWK35200PE,31-05-2022 10:25:00,131.55,132.75,130.35,132.55,11500,916225,2022-05-31
BANKNIFTYWK35200PE,31-05-2022 10:26:00,132.45,132.45,127.75,129.0,25950,922950,2022-05-31
BANKNIFTYWK35200PE,31-05-2022 10:27:00,129.2,131.4,128.5,130.3,15025,922950,2022-05-31
BANKNIFTYWK35200PE,31-05-2022 10:28:00,130.55,130.7,125.65,127.4,22900,922950,2022-05-31
BANKNIFTYWK35200PE,31-05-2022 10:29:00,126.8,126.8,118.85,119.8,86425,937500,2022-05-31
BANKNIFTYWK35200PE,31-05-2022 10:30:00,120.25,120.25,115.3,118.0,58000,937500,2022-05-31
BANKNIFTYWK35200PE,31-05-2022 10:31:00,117.8,122.15,117.75,118.85,59950,937500,2022-05-31
BANKNIFTYWK35200PE,31-05-2022 10:32:00,119.15,119.5,115.55,115.6,39050,944125,2022-05-31
BANKNIFTYWK35200PE,31-05-2022 10:33:00,115.65,118.0,113.05,113.65,47325,944125,2022-05-31
BANKNIFTYWK35200PE,31-05-2022 10:34:00,114.35,114.75,111.0,114.1,49250,944125,2022-05-31
BANKNIFTYWK35200PE,31-05-2022 10:35:00,113.9,115.75,113.35,115.05,36800,952700,2022-05-31
BANKNIFTYWK35200PE,31-05-2022 10:36:00,115.0,117.55,114.75,117.35,28500,952700,2022-05-31
BANKNIFTYWK35200PE,31-05-2022 10:37:00,117.4,118.45,117.25,118.1,21700,952700,2022-05-31
BANKNIFTYWK35200PE,31-05-2022 10:38:00,116.75,117.65,114.15,114.85,27100,960625,2022-05-31
BANKNIFTYWK35200PE,31-05-2022 10:39:00,114.9,116.9,113.8,114.1,22175,960625,2022-05-31
BANKNIFTYWK35200PE,31-05-2022 10:40:00,114.1,114.1,109.1,112.8,69100,960625,2022-05-31
BANKNIFTYWK35200PE,31-05-2022 10:41:00,113.2,115.2,111.25,111.45,44250,965775,2022-05-31
BANKNIFTYWK35200PE,31-05-2022 10:42:00,111.2,113.15,108.05,109.65,101425,965775,2022-05-31
BANKNIFTYWK35200PE,31-05-2022 10:43:00,109.6,109.65,105.6,107.7,86650,965775,2022-05-31
BANKNIFTYWK35200PE,31-05-2022 10:44:00,107.5,107.75,106.3,107.1,38425,955525,2022-05-31
BANKNIFTYWK35200PE,31-05-2022 10:45:00,107.05,107.05,102.5,103.8,71250,955525,2022-05-31
BANKNIFTYWK35200PE,31-05-2022 10:46:00,104.15,105.5,103.55,104.6,66400,955525,2022-05-31
BANKNIFTYWK35200PE,31-05-2022 10:47:00,104.5,106.4,104.0,106.25,25575,954850,2022-05-31
BANKNIFTYWK35200PE,31-05-2022 10:48:00,104.4,108.15,104.1,107.75,56925,954850,2022-05-31
BANKNIFTYWK35200PE,31-05-2022 10:49:00,107.55,109.65,107.0,109.65,39500,954850,2022-05-31
BANKNIFTYWK35200PE,31-05-2022 10:50:00,109.45,112.9,109.3,112.25,56675,956125,2022-05-31
BANKNIFTYWK35200PE,31-05-2022 10:51:00,112.25,112.95,107.4,108.1,57300,956125,2022-05-31
BANKNIFTYWK35200PE,31-05-2022 10:52:00,108.35,110.55,107.65,108.55,21025,956125,2022-05-31
BANKNIFTYWK35200PE,31-05-2022 10:53:00,108.85,110.25,108.45,109.6,28425,954075,2022-05-31
BANKNIFTYWK35200PE,31-05-2022 10:54:00,109.1,110.75,107.75,109.85,30750,954075,2022-05-31
BANKNIFTYWK35200PE,31-05-2022 10:55:00,109.6,109.6,106.05,106.35,52525,954075,2022-05-31
BANKNIFTYWK35200PE,31-05-2022 10:56:00,106.2,107.05,103.65,106.25,42350,932925,2022-05-31
BANKNIFTYWK35200PE,31-05-2022 10:57:00,107.15,107.95,106.25,107.1,11075,932925,2022-05-31
BANKNIFTYWK35200PE,31-05-2022 10:58:00,107.1,107.2,96.05,98.45,62375,932925,2022-05-31
BANKNIFTYWK35200PE,31-05-2022 10:59:00,97.55,99.4,96.7,96.7,69700,937775,2022-05-31
BANKNIFTYWK35200PE,31-05-2022 11:00:00,96.5,98.7,93.65,98.55,92575,937775,2022-05-31
BANKNIFTYWK35200PE,31-05-2022 11:01:00,98.3,100.55,96.85,97.3,67475,937775,2022-05-31
BANKNIFTYWK35200PE,31-05-2022 11:02:00,96.9,99.45,96.2,98.4,34450,954050,2022-05-31
BANKNIFTYWK35200PE,31-05-2022 11:03:00,97.85,99.95,97.8,98.2,43575,954050,2022-05-31
BANKNIFTYWK35200PE,31-05-2022 11:04:00,98.1,99.0,95.55,98.85,34750,954050,2022-05-31
BANKNIFTYWK35200PE,31-05-2022 11:05:00,98.65,99.8,98.0,99.2,24675,958200,2022-05-31
BANKNIFTYWK35200PE,31-05-2022 11:06:00,99.25,102.4,99.25,101.9,60525,958200,2022-05-31
BANKNIFTYWK35200PE,31-05-2022 11:07:00,102.0,105.05,101.1,103.15,100650,958200,2022-05-31
BANKNIFTYWK35200PE,31-05-2022 11:08:00,102.7,104.9,101.55,101.9,26300,950400,2022-05-31
BANKNIFTYWK35200PE,31-05-2022 11:09:00,102.0,104.0,99.95,104.0,27650,950400,2022-05-31
BANKNIFTYWK35200PE,31-05-2022 11:10:00,103.95,105.85,103.4,105.65,23825,950400,2022-05-31
BANKNIFTYWK35200PE,31-05-2022 11:11:00,105.05,106.65,102.45,105.7,27350,950575,2022-05-31
BANKNIFTYWK35200PE,31-05-2022 11:12:00,105.7,106.2,103.0,103.35,17850,950575,2022-05-31
BANKNIFTYWK35200PE,31-05-2022 11:13:00,103.8,106.8,103.8,105.45,24600,950575,2022-05-31
BANKNIFTYWK35200PE,31-05-2022 11:14:00,105.4,107.05,105.3,106.05,18825,954750,2022-05-31
BANKNIFTYWK35200PE,31-05-2022 11:15:00,106.45,107.4,103.35,107.4,23700,954750,2022-05-31
BANKNIFTYWK35200PE,31-05-2022 11:16:00,108.2,109.6,107.25,108.9,32275,954750,2022-05-31
BANKNIFTYWK35200PE,31-05-2022 11:17:00,108.95,110.25,108.6,109.2,30400,959225,2022-05-31
BANKNIFTYWK35200PE,31-05-2022 11:18:00,109.65,110.75,108.25,109.8,25625,959225,2022-05-31
BANKNIFTYWK35200PE,31-05-2022 11:19:00,109.4,109.4,106.4,107.0,22125,959225,2022-05-31
BANKNIFTYWK35200PE,31-05-2022 11:20:00,107.4,108.45,105.65,105.65,19525,962250,2022-05-31
BANKNIFTYWK35200PE,31-05-2022 11:21:00,106.0,106.3,101.2,104.1,44850,962250,2022-05-31
BANKNIFTYWK35200PE,31-05-2022 11:22:00,104.0,104.95,102.45,104.95,23625,962250,2022-05-31
BANKNIFTYWK35200PE,31-05-2022 11:23:00,105.2,106.55,105.2,105.6,12975,963775,2022-05-31
BANKNIFTYWK35200PE,31-05-2022 11:24:00,105.4,108.1,105.4,107.7,37100,963775,2022-05-31
BANKNIFTYWK35200PE,31-05-2022 11:25:00,107.7,109.5,105.7,109.25,19525,963775,2022-05-31
BANKNIFTYWK35200PE,31-05-2022 11:26:00,109.35,109.85,108.0,109.0,26750,974700,2022-05-31
BANKNIFTYWK35200PE,31-05-2022 11:27:00,109.15,109.35,106.75,107.35,16400,974700,2022-05-31
BANKNIFTYWK35200PE,31-05-2022 11:28:00,107.3,109.0,105.75,108.0,25825,974700,2022-05-31
BANKNIFTYWK35200PE,31-05-2022 11:29:00,108.4,113.1,108.35,112.65,33375,972125,2022-05-31
BANKNIFTYWK35200PE,31-05-2022 11:30:00,113.75,114.9,112.25,113.45,64325,972125,2022-05-31
BANKNIFTYWK35200PE,31-05-2022 11:31:00,113.55,113.55,110.4,110.65,33600,972125,2022-05-31
BANKNIFTYWK35200PE,31-05-2022 11:32:00,110.95,113.0,110.8,112.9,14525,971575,2022-05-31
BANKNIFTYWK35200PE,31-05-2022 11:33:00,112.95,113.85,110.9,113.0,31300,971575,2022-05-31
BANKNIFTYWK35200PE,31-05-2022 11:34:00,113.45,114.95,112.8,114.65,26375,971575,2022-05-31
BANKNIFTYWK35200PE,31-05-2022 11:35:00,114.8,118.85,114.8,116.0,60700,974300,2022-05-31
BANKNIFTYWK35200PE,31-05-2022 11:36:00,115.7,116.95,114.75,115.1,34225,974300,2022-05-31
BANKNIFTYWK35200PE,31-05-2022 11:37:00,115.35,117.4,115.25,115.6,35400,974300,2022-05-31
BANKNIFTYWK35200PE,31-05-2022 11:38:00,115.55,117.5,114.55,117.15,38775,981900,2022-05-31
BANKNIFTYWK35200PE,31-05-2022 11:39:00,116.95,117.15,114.5,115.6,26800,981900,2022-05-31
BANKNIFTYWK35200PE,31-05-2022 11:40:00,115.55,116.15,111.95,112.35,36300,981900,2022-05-31
BANKNIFTYWK35200PE,31-05-2022 11:41:00,112.35,113.8,109.6,109.9,34775,982400,2022-05-31
BANKNIFTYWK35200PE,31-05-2022 11:42:00,109.95,112.0,107.0,112.0,67825,982400,2022-05-31
BANKNIFTYWK35200PE,31-05-2022 11:43:00,112.5,113.2,110.0,110.65,23400,982400,2022-05-31
BANKNIFTYWK35200PE,31-05-2022 11:44:00,110.95,116.95,110.85,115.55,49200,985000,2022-05-31
BANKNIFTYWK35200PE,31-05-2022 11:45:00,116.35,120.85,114.55,120.15,64175,985000,2022-05-31
BANKNIFTYWK35200PE,31-05-2022 11:46:00,121.2,124.45,118.25,124.4,62475,985000,2022-05-31
BANKNIFTYWK35200PE,31-05-2022 11:47:00,124.5,125.45,121.4,122.75,64525,969925,2022-05-31
BANKNIFTYWK35200PE,31-05-2022 11:48:00,123.35,124.85,120.35,121.8,37575,969925,2022-05-31
BANKNIFTYWK35200PE,31-05-2022 11:49:00,121.85,123.45,120.2,120.6,29000,969925,2022-05-31
BANKNIFTYWK35200PE,31-05-2022 11:50:00,121.0,121.85,119.7,121.35,25900,966050,2022-05-31
BANKNIFTYWK35200PE,31-05-2022 11:51:00,121.3,122.3,117.75,118.4,37175,966050,2022-05-31
BANKNIFTYWK35200PE,31-05-2022 11:52:00,118.35,121.2,117.9,120.25,26075,966050,2022-05-31
BANKNIFTYWK35200PE,31-05-2022 11:53:00,120.0,121.05,117.5,118.7,21000,961050,2022-05-31
BANKNIFTYWK35200PE,31-05-2022 11:54:00,119.35,120.4,118.0,119.9,16850,961050,2022-05-31
BANKNIFTYWK35200PE,31-05-2022 11:55:00,119.1,119.45,113.2,113.55,34975,961050,2022-05-31
BANKNIFTYWK35200PE,31-05-2022 11:56:00,113.05,113.3,108.0,110.15,64875,971625,2022-05-31
BANKNIFTYWK35200PE,31-05-2022 11:57:00,110.1,110.15,105.8,107.4,54725,971625,2022-05-31
BANKNIFTYWK35200PE,31-05-2022 11:58:00,106.7,108.45,104.05,104.95,41400,971625,2022-05-31
BANKNIFTYWK35200PE,31-05-2022 11:59:00,104.85,105.3,100.65,101.1,68575,985625,2022-05-31
BANKNIFTYWK35200PE,31-05-2022 12:00:00,101.65,101.65,95.5,97.5,115625,985625,2022-05-31
BANKNIFTYWK35200PE,31-05-2022 12:01:00,97.8,98.0,95.85,95.85,54800,985625,2022-05-31
BANKNIFTYWK35200PE,31-05-2022 12:02:00,95.95,100.05,95.8,99.5,55050,1015275,2022-05-31
BANKNIFTYWK35200PE,31-05-2022 12:03:00,99.8,100.1,96.65,100.05,33900,1015275,2022-05-31
BANKNIFTYWK35200PE,31-05-2022 12:04:00,100.15,102.15,98.05,100.85,45275,1015275,2022-05-31
BANKNIFTYWK35200PE,31-05-2022 12:05:00,100.05,105.1,99.9,103.9,44550,1031400,2022-05-31
BANKNIFTYWK35200PE,31-05-2022 12:06:00,103.7,108.15,103.15,108.15,46700,1031400,2022-05-31
BANKNIFTYWK35200PE,31-05-2022 12:07:00,109.0,109.0,105.1,107.7,41225,1031400,2022-05-31
BANKNIFTYWK35200PE,31-05-2022 12:08:00,108.0,108.05,105.05,105.4,24700,1035525,2022-05-31
BANKNIFTYWK35200PE,31-05-2022 12:09:00,105.6,105.6,102.55,104.4,27500,1035525,2022-05-31
BANKNIFTYWK35200PE,31-05-2022 12:10:00,104.2,105.4,102.3,102.3,25775,1035525,2022-05-31
BANKNIFTYWK35200PE,31-05-2022 12:11:00,102.65,104.3,99.15,103.2,57850,1033275,2022-05-31
BANKNIFTYWK35200PE,31-05-2022 12:12:00,103.6,104.15,101.75,101.85,24850,1033275,2022-05-31
BANKNIFTYWK35200PE,31-05-2022 12:13:00,100.9,104.0,100.9,103.5,20525,1033275,2022-05-31
BANKNIFTYWK35200PE,31-05-2022 12:14:00,103.5,107.1,103.5,106.65,23650,1032575,2022-05-31
BANKNIFTYWK35200PE,31-05-2022 12:15:00,106.8,108.5,104.85,108.25,36700,1032575,2022-05-31
BANKNIFTYWK35200PE,31-05-2022 12:16:00,107.7,110.0,107.55,109.1,37675,1032575,2022-05-31
BANKNIFTYWK35200PE,31-05-2022 12:17:00,108.85,109.7,106.8,109.1,33900,1021625,2022-05-31
BANKNIFTYWK35200PE,31-05-2022 12:18:00,109.5,112.2,108.1,112.05,27250,1021625,2022-05-31
BANKNIFTYWK35200PE,31-05-2022 12:19:00,112.8,117.9,111.8,117.0,128750,1021625,2022-05-31
BANKNIFTYWK35200PE,31-05-2022 12:20:00,117.1,118.3,113.8,117.65,34400,987150,2022-05-31
BANKNIFTYWK35200PE,31-05-2022 12:21:00,118.3,118.3,113.85,117.5,35975,987150,2022-05-31
BANKNIFTYWK35200PE,31-05-2022 12:22:00,117.65,117.75,113.8,117.0,35400,987150,2022-05-31
BANKNIFTYWK35200PE,31-05-2022 12:23:00,116.65,117.75,114.2,114.55,32225,981075,2022-05-31
BANKNIFTYWK35200PE,31-05-2022 12:24:00,115.0,116.25,113.85,115.6,20400,981075,2022-05-31
BANKNIFTYWK35200PE,31-05-2022 12:25:00,116.35,116.35,109.8,112.25,33825,981075,2022-05-31
BANKNIFTYWK35200PE,31-05-2022 12:26:00,111.8,115.05,111.6,112.0,23350,975400,2022-05-31
BANKNIFTYWK35200PE,31-05-2022 12:27:00,112.3,113.55,107.65,109.9,37750,975400,2022-05-31
BANKNIFTYWK35200PE,31-05-2022 12:28:00,109.45,113.1,109.0,111.85,16850,975400,2022-05-31
BANKNIFTYWK35200PE,31-05-2022 12:29:00,111.7,116.0,111.7,115.2,23750,987275,2022-05-31
BANKNIFTYWK35200PE,31-05-2022 12:30:00,115.4,117.8,113.7,114.3,36700,987275,2022-05-31
BANKNIFTYWK35200PE,31-05-2022 12:31:00,114.3,119.4,114.3,119.1,28850,987275,2022-05-31
BANKNIFTYWK35200PE,31-05-2022 12:32:00,119.3,122.8,117.05,121.75,62600,988225,2022-05-31
BANKNIFTYWK35200PE,31-05-2022 12:33:00,122.2,125.1,120.05,122.8,65725,988225,2022-05-31
BANKNIFTYWK35200PE,31-05-2022 12:34:00,122.85,124.75,118.45,118.7,37075,988225,2022-05-31
BANKNIFTYWK35200PE,31-05-2022 12:35:00,119.0,121.95,116.35,120.85,26700,993425,2022-05-31
BANKNIFTYWK35200PE,31-05-2022 12:36:00,120.6,123.6,120.4,123.6,27300,993425,2022-05-31
BANKNIFTYWK35200PE,31-05-2022 12:37:00,123.7,130.2,123.5,126.5,104475,993425,2022-05-31
BANKNIFTYWK35200PE,31-05-2022 12:38:00,126.75,126.75,122.05,123.1,61675,987325,2022-05-31
BANKNIFTYWK35200PE,31-05-2022 12:39:00,123.15,125.5,122.85,124.65,30775,987325,2022-05-31
BANKNIFTYWK35200PE,31-05-2022 12:40:00,124.65,129.7,124.15,126.0,54400,987325,2022-05-31
BANKNIFTYWK35200PE,31-05-2022 12:41:00,126.0,129.35,122.3,129.35,45000,997775,2022-05-31
BANKNIFTYWK35200PE,31-05-2022 12:42:00,129.15,130.7,127.05,127.45,40225,997775,2022-05-31
BANKNIFTYWK35200PE,31-05-2022 12:43:00,126.85,132.45,126.85,130.0,54325,997775,2022-05-31
BANKNIFTYWK35200PE,31-05-2022 12:44:00,130.9,131.05,127.3,128.55,42125,993575,2022-05-31
BANKNIFTYWK35200PE,31-05-2022 12:45:00,128.45,133.25,127.65,132.75,33225,993575,2022-05-31
BANKNIFTYWK35200PE,31-05-2022 12:46:00,132.55,136.3,132.45,136.1,77725,993575,2022-05-31
BANKNIFTYWK35200PE,31-05-2022 12:47:00,136.7,138.75,132.9,133.15,74625,977475,2022-05-31
BANKNIFTYWK35200PE,31-05-2022 12:48:00,133.4,137.0,132.75,132.9,41700,977475,2022-05-31
BANKNIFTYWK35200PE,31-05-2022 12:49:00,133.45,136.45,130.4,135.45,39450,977475,2022-05-31
BANKNIFTYWK35200PE,31-05-2022 12:50:00,136.3,139.0,132.05,133.9,66050,967500,2022-05-31
BANKNIFTYWK35200PE,31-05-2022 12:51:00,133.9,134.85,130.45,133.85,40850,967500,2022-05-31
BANKNIFTYWK35200PE,31-05-2022 12:52:00,134.0,136.85,132.85,136.4,28075,967500,2022-05-31
BANKNIFTYWK35200PE,31-05-2022 12:53:00,136.7,137.8,133.3,136.6,25675,964575,2022-05-31
BANKNIFTYWK35200PE,31-05-2022 12:54:00,136.5,136.5,126.2,129.6,46425,964575,2022-05-31
BANKNIFTYWK35200PE,31-05-2022 12:55:00,129.55,134.1,126.85,133.75,36325,964575,2022-05-31
BANKNIFTYWK35200PE,31-05-2022 12:56:00,134.1,134.45,131.75,134.4,22900,964225,2022-05-31
BANKNIFTYWK35200PE,31-05-2022 12:57:00,133.35,134.4,126.55,127.5,38325,964225,2022-05-31
BANKNIFTYWK35200PE,31-05-2022 12:58:00,127.95,132.7,127.65,130.15,35750,964225,2022-05-31
BANKNIFTYWK35200PE,31-05-2022 12:59:00,129.8,131.2,129.5,130.65,24100,959325,2022-05-31
BANKNIFTYWK35200PE,31-05-2022 13:00:00,130.85,134.55,129.45,130.45,53150,959325,2022-05-31
BANKNIFTYWK35200PE,31-05-2022 13:01:00,130.45,132.0,126.5,127.45,35550,959325,2022-05-31
BANKNIFTYWK35200PE,31-05-2022 13:02:00,127.7,128.55,121.05,122.9,47275,958300,2022-05-31
BANKNIFTYWK35200PE,31-05-2022 13:03:00,122.85,125.3,118.2,124.95,41800,958300,2022-05-31
BANKNIFTYWK35200PE,31-05-2022 13:04:00,125.4,130.6,125.4,129.4,39475,958300,2022-05-31
BANKNIFTYWK35200PE,31-05-2022 13:05:00,129.2,132.6,126.7,126.8,32925,962575,2022-05-31
BANKNIFTYWK35200PE,31-05-2022 13:06:00,126.85,128.75,125.3,127.0,27250,962575,2022-05-31
BANKNIFTYWK35200PE,31-05-2022 13:07:00,126.65,128.4,125.8,128.4,11275,962575,2022-05-31
BANKNIFTYWK35200PE,31-05-2022 13:08:00,127.25,130.35,126.15,130.35,21250,963150,2022-05-31
BANKNIFTYWK35200PE,31-05-2022 13:09:00,130.5,131.55,128.45,131.4,23900,963150,2022-05-31
BANKNIFTYWK35200PE,31-05-2022 13:10:00,131.4,131.4,127.45,130.65,20600,963150,2022-05-31
BANKNIFTYWK35200PE,31-05-2022 13:11:00,130.85,134.25,129.85,132.75,26225,959825,2022-05-31
BANKNIFTYWK35200PE,31-05-2022 13:12:00,132.3,138.45,130.7,138.05,47000,959825,2022-05-31
BANKNIFTYWK35200PE,31-05-2022 13:13:00,137.75,140.0,133.8,136.15,52650,959825,2022-05-31
BANKNIFTYWK35200PE,31-05-2022 13:14:00,136.65,139.3,121.85,123.65,70550,959825,2022-05-31
BANKNIFTYWK35200PE,31-05-2022 13:15:00,123.2,125.55,104.55,105.3,157500,951875,2022-05-31
BANKNIFTYWK35200PE,31-05-2022 13:16:00,105.0,112.2,99.35,110.5,107350,951875,2022-05-31
BANKNIFTYWK35200PE,31-05-2022 13:17:00,110.75,115.3,110.2,112.5,52750,951875,2022-05-31
BANKNIFTYWK35200PE,31-05-2022 13:18:00,112.25,115.75,110.55,114.75,43175,943875,2022-05-31
BANKNIFTYWK35200PE,31-05-2022 13:19:00,114.4,126.0,113.65,124.95,65225,943875,2022-05-31
BANKNIFTYWK35200PE,31-05-2022 13:20:00,125.3,129.65,124.3,124.65,85400,943875,2022-05-31
BANKNIFTYWK35200PE,31-05-2022 13:21:00,125.0,129.0,123.55,126.8,31475,952900,2022-05-31
BANKNIFTYWK35200PE,31-05-2022 13:22:00,125.3,128.75,120.45,128.7,48825,952900,2022-05-31
BANKNIFTYWK35200PE,31-05-2022 13:23:00,128.85,128.85,125.5,127.1,25650,952900,2022-05-31
BANKNIFTYWK35200PE,31-05-2022 13:24:00,126.75,127.95,123.45,127.7,29950,950325,2022-05-31
BANKNIFTYWK35200PE,31-05-2022 13:25:00,127.55,129.0,122.65,125.55,29125,950325,2022-05-31
BANKNIFTYWK35200PE,31-05-2022 13:26:00,125.2,127.0,123.8,125.0,20075,950325,2022-05-31
BANKNIFTYWK35200PE,31-05-2022 13:27:00,124.6,126.6,120.0,120.05,25050,949025,2022-05-31
BANKNIFTYWK35200PE,31-05-2022 13:28:00,120.75,128.55,120.75,128.2,30275,949025,2022-05-31
BANKNIFTYWK35200PE,31-05-2022 13:29:00,127.75,129.7,126.15,129.25,25900,949025,2022-05-31
BANKNIFTYWK35200PE,31-05-2022 13:30:00,127.4,130.0,123.6,124.15,43625,952325,2022-05-31
BANKNIFTYWK35200PE,31-05-2022 13:31:00,123.6,125.15,120.65,124.45,25325,952325,2022-05-31
BANKNIFTYWK35200PE,31-05-2022 13:32:00,124.0,124.05,119.4,120.0,24275,952325,2022-05-31
BANKNIFTYWK35200PE,31-05-2022 13:33:00,120.6,122.7,109.55,112.85,69675,956800,2022-05-31
BANKNIFTYWK35200PE,31-05-2022 13:34:00,114.55,116.05,111.35,114.0,36450,956800,2022-05-31
BANKNIFTYWK35200PE,31-05-2022 13:35:00,112.35,115.45,109.1,111.4,42725,956800,2022-05-31
BANKNIFTYWK35200PE,31-05-2022 13:36:00,111.75,111.75,107.25,107.85,41925,964500,2022-05-31
BANKNIFTYWK35200PE,31-05-2022 13:37:00,108.1,109.95,106.3,107.9,39500,964500,2022-05-31
BANKNIFTYWK35200PE,31-05-2022 13:38:00,107.4,112.8,107.0,107.85,41175,964500,2022-05-31
BANKNIFTYWK35200PE,31-05-2022 13:39:00,107.85,109.15,102.9,104.95,51075,967950,2022-05-31
BANKNIFTYWK35200PE,31-05-2022 13:40:00,104.2,105.75,98.2,98.2,89325,967950,2022-05-31
BANKNIFTYWK35200PE,31-05-2022 13:41:00,98.15,105.1,98.0,104.85,63850,967950,2022-05-31
BANKNIFTYWK35200PE,31-05-2022 13:42:00,105.0,109.9,104.4,108.0,55050,970275,2022-05-31
BANKNIFTYWK35200PE,31-05-2022 13:43:00,107.2,111.2,106.85,108.0,39825,970275,2022-05-31
BANKNIFTYWK35200PE,31-05-2022 13:44:00,107.0,110.55,104.4,109.5,35000,970275,2022-05-31
BANKNIFTYWK35200PE,31-05-2022 13:45:00,110.6,110.9,106.65,109.95,38475,978575,2022-05-31
BANKNIFTYWK35200PE,31-05-2022 13:46:00,110.4,111.55,107.9,109.1,49900,978575,2022-05-31
BANKNIFTYWK35200PE,31-05-2022 13:47:00,109.05,109.55,104.5,104.5,44250,978575,2022-05-31
BANKNIFTYWK35200PE,31-05-2022 13:48:00,104.2,106.45,102.65,102.7,36050,976375,2022-05-31
BANKNIFTYWK35200PE,31-05-2022 13:49:00,102.55,106.95,100.65,105.3,50775,976375,2022-05-31
BANKNIFTYWK35200PE,31-05-2022 13:50:00,105.85,108.6,103.75,103.75,35375,976375,2022-05-31
BANKNIFTYWK35200PE,31-05-2022 13:51:00,103.75,106.85,103.05,106.85,23900,978000,2022-05-31
BANKNIFTYWK35200PE,31-05-2022 13:52:00,106.6,108.0,97.5,99.9,65100,978000,2022-05-31
BANKNIFTYWK35200PE,31-05-2022 13:53:00,98.85,105.0,98.05,104.3,40700,978000,2022-05-31
BANKNIFTYWK35200PE,31-05-2022 13:54:00,104.2,108.75,103.6,107.85,37775,980800,2022-05-31
BANKNIFTYWK35200PE,31-05-2022 13:55:00,106.45,110.45,104.9,105.65,45550,980800,2022-05-31
BANKNIFTYWK35200PE,31-05-2022 13:56:00,106.0,106.0,92.3,95.45,84050,980800,2022-05-31
BANKNIFTYWK35200PE,31-05-2022 13:57:00,96.0,98.8,93.4,98.1,68600,989825,2022-05-31
BANKNIFTYWK35200PE,31-05-2022 13:58:00,98.5,101.45,97.85,98.45,64950,989825,2022-05-31
BANKNIFTYWK35200PE,31-05-2022 13:59:00,99.3,101.25,98.55,98.55,35475,989825,2022-05-31
BANKNIFTYWK35200PE,31-05-2022 14:00:00,98.35,102.35,95.9,101.5,44900,991825,2022-05-31
BANKNIFTYWK35200PE,31-05-2022 14:01:00,101.35,101.5,98.45,101.5,22600,991825,2022-05-31
BANKNIFTYWK35200PE,31-05-2022 14:02:00,101.5,102.2,98.05,99.0,20350,991825,2022-05-31
BANKNIFTYWK35200PE,31-05-2022 14:03:00,99.1,106.0,97.85,104.4,45775,994225,2022-05-31
BANKNIFTYWK35200PE,31-05-2022 14:04:00,104.1,104.65,91.5,95.55,53625,994225,2022-05-31
BANKNIFTYWK35200PE,31-05-2022 14:05:00,95.8,101.55,94.55,100.05,61025,994225,2022-05-31
BANKNIFTYWK35200PE,31-05-2022 14:06:00,99.3,103.0,98.45,101.15,39600,1004975,2022-05-31
BANKNIFTYWK35200PE,31-05-2022 14:07:00,101.0,104.25,100.0,101.15,41175,1004975,2022-05-31
BANKNIFTYWK35200PE,31-05-2022 14:08:00,101.15,102.55,99.25,100.45,25125,1004975,2022-05-31
BANKNIFTYWK35200PE,31-05-2022 14:09:00,100.45,102.2,99.0,99.6,24175,1013150,2022-05-31
BANKNIFTYWK35200PE,31-05-2022 14:10:00,99.45,101.3,97.8,99.9,43200,1013150,2022-05-31
BANKNIFTYWK35200PE,31-05-2022 14:11:00,99.7,100.45,96.3,98.15,28625,1013150,2022-05-31
BANKNIFTYWK35200PE,31-05-2022 14:12:00,98.05,100.5,94.75,99.0,45900,1017400,2022-05-31
BANKNIFTYWK35200PE,31-05-2022 14:13:00,97.9,100.7,97.1,100.6,24800,1017400,2022-05-31
BANKNIFTYWK35200PE,31-05-2022 14:14:00,100.6,104.2,99.45,104.0,88025,1017400,2022-05-31
BANKNIFTYWK35200PE,31-05-2022 14:15:00,102.85,108.6,101.15,108.6,57775,1012150,2022-05-31
BANKNIFTYWK35200PE,31-05-2022 14:16:00,107.7,108.75,103.75,106.85,35075,1012150,2022-05-31
BANKNIFTYWK35200PE,31-05-2022 14:17:00,106.85,108.5,103.85,105.0,24750,1012150,2022-05-31
BANKNIFTYWK35200PE,31-05-2022 14:18:00,105.5,105.9,95.75,99.65,82000,1016625,2022-05-31
BANKNIFTYWK35200PE,31-05-2022 14:19:00,100.3,106.75,99.85,102.15,52525,1016625,2022-05-31
BANKNIFTYWK35200PE,31-05-2022 14:20:00,101.5,103.2,99.55,100.85,27775,1016625,2022-05-31
BANKNIFTYWK35200PE,31-05-2022 14:21:00,100.85,104.35,99.6,100.9,27825,1012025,2022-05-31
BANKNIFTYWK35200PE,31-05-2022 14:22:00,100.9,101.3,98.65,99.3,22550,1012025,2022-05-31
BANKNIFTYWK35200PE,31-05-2022 14:23:00,99.15,100.4,98.5,100.4,18850,1012025,2022-05-31
BANKNIFTYWK35200PE,31-05-2022 14:24:00,101.8,102.9,100.8,102.0,14250,1015650,2022-05-31
BANKNIFTYWK35200PE,31-05-2022 14:25:00,101.0,101.35,99.15,101.35,13650,1015650,2022-05-31
BANKNIFTYWK35200PE,31-05-2022 14:26:00,101.0,102.4,100.95,101.8,16025,1015650,2022-05-31
BANKNIFTYWK35200PE,31-05-2022 14:27:00,101.8,104.35,101.45,104.3,34400,1005150,2022-05-31
BANKNIFTYWK35200PE,31-05-2022 14:28:00,104.35,104.5,100.75,101.8,28525,1005150,2022-05-31
BANKNIFTYWK35200PE,31-05-2022 14:29:00,101.6,102.85,100.55,102.65,15450,1005150,2022-05-31
BANKNIFTYWK35200PE,31-05-2022 14:30:00,102.0,109.0,99.0,105.75,80975,1005625,2022-05-31
BANKNIFTYWK35200PE,31-05-2022 14:31:00,105.45,109.7,105.45,107.95,66675,1005625,2022-05-31
BANKNIFTYWK35200PE,31-05-2022 14:32:00,107.75,113.3,106.5,111.9,83650,1005625,2022-05-31
BANKNIFTYWK35200PE,31-05-2022 14:33:00,112.0,112.4,109.85,110.85,63275,970350,2022-05-31
BANKNIFTYWK35200PE,31-05-2022 14:34:00,111.25,111.65,107.9,108.25,33825,970350,2022-05-31
BANKNIFTYWK35200PE,31-05-2022 14:35:00,107.25,113.1,107.25,109.4,50275,970350,2022-05-31
BANKNIFTYWK35200PE,31-05-2022 14:36:00,109.95,110.8,105.8,108.5,32150,976175,2022-05-31
BANKNIFTYWK35200PE,31-05-2022 14:37:00,108.1,110.85,107.25,109.8,28050,976175,2022-05-31
BANKNIFTYWK35200PE,31-05-2022 14:38:00,109.75,110.85,107.15,107.35,32575,976175,2022-05-31
BANKNIFTYWK35200PE,31-05-2022 14:39:00,108.65,115.1,108.3,115.1,75275,964175,2022-05-31
BANKNIFTYWK35200PE,31-05-2022 14:40:00,115.65,117.0,112.35,113.0,58900,964175,2022-05-31
BANKNIFTYWK35200PE,31-05-2022 14:41:00,113.1,118.8,112.6,118.75,58075,964175,2022-05-31
BANKNIFTYWK35200PE,31-05-2022 14:42:00,118.55,118.55,113.6,115.9,56850,937150,2022-05-31
BANKNIFTYWK35200PE,31-05-2022 14:43:00,116.1,116.4,109.2,114.0,49150,937150,2022-05-31
BANKNIFTYWK35200PE,31-05-2022 14:44:00,114.1,116.75,111.5,111.5,51450,937150,2022-05-31
BANKNIFTYWK35200PE,31-05-2022 14:45:00,111.9,114.65,106.25,107.5,73525,934150,2022-05-31
BANKNIFTYWK35200PE,31-05-2022 14:46:00,107.7,108.5,103.8,106.4,45800,934150,2022-05-31
BANKNIFTYWK35200PE,31-05-2022 14:47:00,107.0,110.85,106.95,108.85,29200,934150,2022-05-31
BANKNIFTYWK35200PE,31-05-2022 14:48:00,108.85,110.35,108.0,109.05,22650,935000,2022-05-31
BANKNIFTYWK35200PE,31-05-2022 14:49:00,109.05,112.5,108.95,110.65,38100,935000,2022-05-31
BANKNIFTYWK35200PE,31-05-2022 14:50:00,110.2,110.5,108.0,108.95,33200,935000,2022-05-31
BANKNIFTYWK35200PE,31-05-2022 14:51:00,109.5,110.2,103.5,103.8,70150,935350,2022-05-31
BANKNIFTYWK35200PE,31-05-2022 14:52:00,103.7,103.85,96.0,100.1,90675,935350,2022-05-31
BANKNIFTYWK35200PE,31-05-2022 14:53:00,100.5,113.65,100.5,112.35,79875,935350,2022-05-31
BANKNIFTYWK35200PE,31-05-2022 14:54:00,112.0,114.85,109.6,114.5,64075,922250,2022-05-31
BANKNIFTYWK35200PE,31-05-2022 14:55:00,114.6,116.55,108.35,112.0,65200,922250,2022-05-31
BANKNIFTYWK35200PE,31-05-2022 14:56:00,111.95,113.25,110.0,111.25,29700,922250,2022-05-31
BANKNIFTYWK35200PE,31-05-2022 14:57:00,111.2,114.4,110.6,113.5,37150,913825,2022-05-31
BANKNIFTYWK35200PE,31-05-2022 14:58:00,113.7,115.65,110.25,112.15,37575,913825,2022-05-31
BANKNIFTYWK35200PE,31-05-2022 14:59:00,112.9,114.25,109.65,111.8,25600,913825,2022-05-31
BANKNIFTYWK35200PE,31-05-2022 15:00:00,112.45,117.6,110.25,114.95,118600,912050,2022-05-31
BANKNIFTYWK35200PE,31-05-2022 15:01:00,115.7,121.95,115.6,121.2,121925,912050,2022-05-31
BANKNIFTYWK35200PE,31-05-2022 15:02:00,121.0,131.0,121.0,128.6,155250,912050,2022-05-31
BANKNIFTYWK35200PE,31-05-2022 15:03:00,129.9,134.85,128.6,130.2,111000,875350,2022-05-31
BANKNIFTYWK35200PE,31-05-2022 15:04:00,131.45,135.55,129.5,133.1,106050,875350,2022-05-31
BANKNIFTYWK35200PE,31-05-2022 15:05:00,132.0,144.15,132.0,143.15,171175,875350,2022-05-31
BANKNIFTYWK35200PE,31-05-2022 15:06:00,143.0,150.45,141.95,150.45,138175,824950,2022-05-31
BANKNIFTYWK35200PE,31-05-2022 15:07:00,150.6,160.4,150.6,157.4,194725,824950,2022-05-31
BANKNIFTYWK35200PE,31-05-2022 15:08:00,156.7,165.65,156.0,163.85,199925,824950,2022-05-31
BANKNIFTYWK35200PE,31-05-2022 15:09:00,164.05,165.7,159.7,161.05,171650,752925,2022-05-31
BANKNIFTYWK35200PE,31-05-2022 15:10:00,162.1,171.65,162.1,171.1,153425,752925,2022-05-31
BANKNIFTYWK35200PE,31-05-2022 15:11:00,171.5,214.15,171.0,203.6,298600,752925,2022-05-31
BANKNIFTYWK35200PE,31-05-2022 15:12:00,208.75,231.65,187.7,203.75,323325,675650,2022-05-31
BANKNIFTYWK35200PE,31-05-2022 15:13:00,205.3,215.85,196.5,210.0,194275,675650,2022-05-31
BANKNIFTYWK35200PE,31-05-2022 15:14:00,211.55,216.55,208.4,211.05,159175,675650,2022-05-31
BANKNIFTYWK35200PE,31-05-2022 15:15:00,211.35,216.05,198.45,212.6,226750,678175,2022-05-31
BANKNIFTYWK35200PE,31-05-2022 15:16:00,211.4,216.2,209.3,210.0,158075,678175,2022-05-31
BANKNIFTYWK35200PE,31-05-2022 15:17:00,210.5,214.4,199.15,207.05,141025,678175,2022-05-31
BANKNIFTYWK35200PE,31-05-2022 15:18:00,207.9,212.3,202.6,206.6,98750,660125,2022-05-31
BANKNIFTYWK35200PE,31-05-2022 15:19:00,206.9,208.95,198.0,206.45,83550,660125,2022-05-31
BANKNIFTYWK35200PE,31-05-2022 15:20:00,207.7,217.65,205.0,217.4,133525,660125,2022-05-31
BANKNIFTYWK35200PE,31-05-2022 15:21:00,217.0,225.2,213.15,222.7,129300,652350,2022-05-31
BANKNIFTYWK35200PE,31-05-2022 15:22:00,224.85,228.3,220.75,226.4,127875,652350,2022-05-31
BANKNIFTYWK35200PE,31-05-2022 15:23:00,226.9,227.0,220.55,226.5,112450,652350,2022-05-31
BANKNIFTYWK35200PE,31-05-2022 15:24:00,226.35,244.6,226.25,244.6,149725,630075,2022-05-31
BANKNIFTYWK35200PE,31-05-2022 15:25:00,244.2,256.9,240.0,256.55,159100,630075,2022-05-31
BANKNIFTYWK35200PE,31-05-2022 15:26:00,258.75,282.5,258.75,271.05,226425,630075,2022-05-31
BANKNIFTYWK35200PE,31-05-2022 15:27:00,272.45,272.65,238.75,263.6,158250,611825,2022-05-31
BANKNIFTYWK35200PE,31-05-2022 15:28:00,263.55,263.8,235.85,248.3,88025,611825,2022-05-31
BANKNIFTYWK35200PE,31-05-2022 15:29:00,247.3,247.9,223.6,225.0,134975,611825,2022-05-31
