Ticker,Date/Time,Open,High,Low,Close,Volume,Open Interest,Date
NIFTYWK17200CE,31-01-2022 09:15:00,289.9,740.0,261.9,274.0,349350,1286700,2022-01-31
NIFTYWK17200CE,31-01-2022 09:16:00,274.85,290.65,274.85,289.65,265850,1286700,2022-01-31
NIFTYWK17200CE,31-01-2022 09:17:00,287.5,288.0,274.25,282.75,121750,1256600,2022-01-31
NIFTYWK17200CE,31-01-2022 09:18:00,284.35,296.1,283.25,295.25,167050,1256600,2022-01-31
NIFTYWK17200CE,31-01-2022 09:19:00,295.65,298.25,291.2,292.7,104050,1256600,2022-01-31
NIFTYWK17200CE,31-01-2022 09:20:00,291.4,295.95,287.55,293.75,117550,1249000,2022-01-31
NIFTYWK17200CE,31-01-2022 09:21:00,295.0,296.5,290.15,296.2,109250,1249000,2022-01-31
NIFTYWK17200CE,31-01-2022 09:22:00,297.0,298.05,292.5,295.55,68200,1249000,2022-01-31
NIFTYWK17200CE,31-01-2022 09:23:00,295.1,297.95,278.4,281.8,95650,1236550,2022-01-31
NIFTYWK17200CE,31-01-2022 09:24:00,282.85,288.05,280.95,283.85,71950,1236550,2022-01-31
NIFTYWK17200CE,31-01-2022 09:25:00,283.8,284.1,269.1,279.9,186200,1236550,2022-01-31
NIFTYWK17200CE,31-01-2022 09:26:00,280.0,295.8,278.8,292.3,154850,1258150,2022-01-31
NIFTYWK17200CE,31-01-2022 09:27:00,294.75,302.0,293.8,301.9,160350,1258150,2022-01-31
NIFTYWK17200CE,31-01-2022 09:28:00,302.3,309.8,299.75,304.35,175550,1258150,2022-01-31
NIFTYWK17200CE,31-01-2022 09:29:00,303.8,305.45,293.45,297.2,43450,1307050,2022-01-31
NIFTYWK17200CE,31-01-2022 09:30:00,299.0,303.45,286.35,287.2,67500,1307050,2022-01-31
NIFTYWK17200CE,31-01-2022 09:31:00,289.9,298.15,288.8,298.05,44900,1307050,2022-01-31
NIFTYWK17200CE,31-01-2022 09:32:00,298.7,303.9,295.75,298.6,53850,1304100,2022-01-31
NIFTYWK17200CE,31-01-2022 09:33:00,297.5,302.4,295.6,302.4,51250,1304100,2022-01-31
NIFTYWK17200CE,31-01-2022 09:34:00,302.3,306.6,298.35,303.7,83700,1304100,2022-01-31
NIFTYWK17200CE,31-01-2022 09:35:00,303.4,306.45,297.6,302.65,34700,1271950,2022-01-31
NIFTYWK17200CE,31-01-2022 09:36:00,302.0,305.85,300.2,303.95,28800,1271950,2022-01-31
NIFTYWK17200CE,31-01-2022 09:37:00,303.7,311.1,303.7,309.85,78300,1271950,2022-01-31
NIFTYWK17200CE,31-01-2022 09:38:00,309.85,314.9,308.9,314.35,78250,1251500,2022-01-31
NIFTYWK17200CE,31-01-2022 09:39:00,314.15,319.65,314.15,319.0,112750,1251500,2022-01-31
NIFTYWK17200CE,31-01-2022 09:40:00,318.95,322.4,313.6,315.0,98350,1251500,2022-01-31
NIFTYWK17200CE,31-01-2022 09:41:00,316.5,317.5,307.1,308.7,54750,1166650,2022-01-31
NIFTYWK17200CE,31-01-2022 09:42:00,309.5,313.65,309.5,312.75,31950,1166650,2022-01-31
NIFTYWK17200CE,31-01-2022 09:43:00,313.3,314.5,309.9,314.5,43950,1166650,2022-01-31
NIFTYWK17200CE,31-01-2022 09:44:00,313.9,316.75,312.0,316.75,33200,1179300,2022-01-31
NIFTYWK17200CE,31-01-2022 09:45:00,317.4,320.0,308.7,313.0,70400,1179300,2022-01-31
NIFTYWK17200CE,31-01-2022 09:46:00,313.05,320.05,312.4,320.05,39250,1179300,2022-01-31
NIFTYWK17200CE,31-01-2022 09:47:00,320.55,324.95,320.4,321.5,77450,1185900,2022-01-31
NIFTYWK17200CE,31-01-2022 09:48:00,321.3,321.4,312.55,318.1,44300,1185900,2022-01-31
NIFTYWK17200CE,31-01-2022 09:49:00,318.65,319.15,309.4,310.65,50350,1185900,2022-01-31
NIFTYWK17200CE,31-01-2022 09:50:00,310.9,312.6,303.7,309.55,52350,1165550,2022-01-31
NIFTYWK17200CE,31-01-2022 09:51:00,310.05,315.25,309.25,309.6,38400,1165550,2022-01-31
NIFTYWK17200CE,31-01-2022 09:52:00,309.25,309.45,300.6,302.85,68750,1165550,2022-01-31
NIFTYWK17200CE,31-01-2022 09:53:00,303.4,303.8,296.9,301.65,64550,1185800,2022-01-31
NIFTYWK17200CE,31-01-2022 09:54:00,301.75,307.9,298.25,306.15,40750,1185800,2022-01-31
NIFTYWK17200CE,31-01-2022 09:55:00,305.0,306.9,298.9,301.45,40700,1185800,2022-01-31
NIFTYWK17200CE,31-01-2022 09:56:00,301.65,308.3,298.0,305.2,33500,1204150,2022-01-31
NIFTYWK17200CE,31-01-2022 09:57:00,307.25,312.0,305.6,307.45,28850,1204150,2022-01-31
NIFTYWK17200CE,31-01-2022 09:58:00,308.0,309.7,305.1,307.65,16100,1204150,2022-01-31
NIFTYWK17200CE,31-01-2022 09:59:00,308.3,310.3,305.1,305.1,17200,1199800,2022-01-31
NIFTYWK17200CE,31-01-2022 10:00:00,305.1,309.4,293.25,294.25,64750,1199800,2022-01-31
NIFTYWK17200CE,31-01-2022 10:01:00,295.0,298.8,290.6,297.95,38400,1199800,2022-01-31
NIFTYWK17200CE,31-01-2022 10:02:00,297.8,299.4,290.0,290.0,31650,1189450,2022-01-31
NIFTYWK17200CE,31-01-2022 10:03:00,290.0,297.2,290.0,296.85,28500,1189450,2022-01-31
NIFTYWK17200CE,31-01-2022 10:04:00,296.8,299.25,293.05,293.45,23550,1189450,2022-01-31
NIFTYWK17200CE,31-01-2022 10:05:00,292.25,302.7,291.25,302.7,24950,1194950,2022-01-31
NIFTYWK17200CE,31-01-2022 10:06:00,302.7,304.45,300.65,302.25,17250,1194950,2022-01-31
NIFTYWK17200CE,31-01-2022 10:07:00,302.2,305.0,298.7,305.0,16700,1194950,2022-01-31
NIFTYWK17200CE,31-01-2022 10:08:00,305.15,308.95,305.1,308.85,24750,1190850,2022-01-31
NIFTYWK17200CE,31-01-2022 10:09:00,309.0,311.5,308.25,310.85,30200,1190850,2022-01-31
NIFTYWK17200CE,31-01-2022 10:10:00,310.9,312.0,306.95,311.0,34900,1190850,2022-01-31
NIFTYWK17200CE,31-01-2022 10:11:00,310.65,311.9,308.85,309.65,18850,1186600,2022-01-31
NIFTYWK17200CE,31-01-2022 10:12:00,309.65,317.45,309.5,314.3,54050,1186600,2022-01-31
NIFTYWK17200CE,31-01-2022 10:13:00,314.55,318.7,314.3,317.3,46000,1186600,2022-01-31
NIFTYWK17200CE,31-01-2022 10:14:00,316.55,316.55,312.15,313.45,19550,1174850,2022-01-31
NIFTYWK17200CE,31-01-2022 10:15:00,313.05,318.95,310.1,310.3,26950,1174850,2022-01-31
NIFTYWK17200CE,31-01-2022 10:16:00,310.2,311.8,307.0,310.85,23850,1174850,2022-01-31
NIFTYWK17200CE,31-01-2022 10:17:00,310.35,315.45,304.65,314.35,33500,1185500,2022-01-31
NIFTYWK17200CE,31-01-2022 10:18:00,314.65,316.65,312.5,312.85,23200,1185500,2022-01-31
NIFTYWK17200CE,31-01-2022 10:19:00,312.25,314.8,310.6,314.05,9850,1185500,2022-01-31
NIFTYWK17200CE,31-01-2022 10:20:00,313.7,313.75,307.2,311.25,13350,1174300,2022-01-31
NIFTYWK17200CE,31-01-2022 10:21:00,310.0,317.65,310.0,317.0,24100,1174300,2022-01-31
NIFTYWK17200CE,31-01-2022 10:22:00,317.6,320.65,317.4,319.5,30600,1174300,2022-01-31
NIFTYWK17200CE,31-01-2022 10:23:00,319.15,320.5,317.0,318.4,18400,1161550,2022-01-31
NIFTYWK17200CE,31-01-2022 10:24:00,318.95,321.7,317.4,320.9,22750,1161550,2022-01-31
NIFTYWK17200CE,31-01-2022 10:25:00,320.1,322.0,316.3,317.1,21150,1161550,2022-01-31
NIFTYWK17200CE,31-01-2022 10:26:00,318.3,320.25,316.85,317.85,16150,1150050,2022-01-31
NIFTYWK17200CE,31-01-2022 10:27:00,317.2,318.3,313.7,315.5,16200,1150050,2022-01-31
NIFTYWK17200CE,31-01-2022 10:28:00,316.45,317.65,312.65,316.05,12450,1150050,2022-01-31
NIFTYWK17200CE,31-01-2022 10:29:00,316.2,319.7,314.5,318.45,10600,1149550,2022-01-31
NIFTYWK17200CE,31-01-2022 10:30:00,318.0,321.75,313.7,314.0,18150,1149550,2022-01-31
NIFTYWK17200CE,31-01-2022 10:31:00,314.95,318.4,314.0,317.1,13000,1149550,2022-01-31
NIFTYWK17200CE,31-01-2022 10:32:00,317.0,317.0,313.0,316.35,24400,1149750,2022-01-31
NIFTYWK17200CE,31-01-2022 10:33:00,316.0,319.45,314.75,315.7,17700,1149750,2022-01-31
NIFTYWK17200CE,31-01-2022 10:34:00,315.7,320.4,314.5,320.35,12050,1149750,2022-01-31
NIFTYWK17200CE,31-01-2022 10:35:00,319.9,321.0,318.0,319.65,12950,1157150,2022-01-31
NIFTYWK17200CE,31-01-2022 10:36:00,319.55,321.5,318.05,321.5,18550,1157150,2022-01-31
NIFTYWK17200CE,31-01-2022 10:37:00,320.75,324.0,319.0,320.9,24150,1157150,2022-01-31
NIFTYWK17200CE,31-01-2022 10:38:00,320.9,321.1,310.6,311.5,34100,1147850,2022-01-31
NIFTYWK17200CE,31-01-2022 10:39:00,310.65,311.0,301.0,307.0,40650,1147850,2022-01-31
NIFTYWK17200CE,31-01-2022 10:40:00,307.3,307.3,297.0,298.65,44350,1147850,2022-01-31
NIFTYWK17200CE,31-01-2022 10:41:00,298.65,304.3,298.65,300.05,29550,1147300,2022-01-31
NIFTYWK17200CE,31-01-2022 10:42:00,299.5,301.55,291.95,294.6,38200,1147300,2022-01-31
NIFTYWK17200CE,31-01-2022 10:43:00,294.85,298.7,293.1,294.0,22100,1147300,2022-01-31
NIFTYWK17200CE,31-01-2022 10:44:00,293.6,293.6,280.35,286.4,81200,1146050,2022-01-31
NIFTYWK17200CE,31-01-2022 10:45:00,285.55,285.9,273.35,283.15,112700,1146050,2022-01-31
NIFTYWK17200CE,31-01-2022 10:46:00,285.8,286.95,280.95,280.95,39900,1146050,2022-01-31
NIFTYWK17200CE,31-01-2022 10:47:00,281.3,288.6,280.4,287.15,55150,1134300,2022-01-31
NIFTYWK17200CE,31-01-2022 10:48:00,287.4,292.85,287.2,291.1,52150,1134300,2022-01-31
NIFTYWK17200CE,31-01-2022 10:49:00,291.3,291.35,285.6,286.55,27250,1134300,2022-01-31
NIFTYWK17200CE,31-01-2022 10:50:00,287.2,290.75,281.0,290.3,32900,1137400,2022-01-31
NIFTYWK17200CE,31-01-2022 10:51:00,290.95,301.6,289.8,297.25,72300,1137400,2022-01-31
NIFTYWK17200CE,31-01-2022 10:52:00,296.8,303.7,296.2,302.5,48250,1137400,2022-01-31
NIFTYWK17200CE,31-01-2022 10:53:00,302.5,308.9,301.65,304.35,55900,1128950,2022-01-31
NIFTYWK17200CE,31-01-2022 10:54:00,304.35,305.45,299.7,302.95,30100,1128950,2022-01-31
NIFTYWK17200CE,31-01-2022 10:55:00,302.9,305.65,297.9,304.6,22950,1128950,2022-01-31
NIFTYWK17200CE,31-01-2022 10:56:00,305.1,305.9,301.6,302.7,22600,1135800,2022-01-31
NIFTYWK17200CE,31-01-2022 10:57:00,303.4,305.15,299.3,302.45,28450,1135800,2022-01-31
NIFTYWK17200CE,31-01-2022 10:58:00,302.45,304.8,298.55,298.6,25150,1135800,2022-01-31
NIFTYWK17200CE,31-01-2022 10:59:00,299.7,304.3,297.65,302.45,15050,1129050,2022-01-31
NIFTYWK17200CE,31-01-2022 11:00:00,301.0,304.15,300.8,300.9,15850,1129050,2022-01-31
NIFTYWK17200CE,31-01-2022 11:01:00,301.85,307.0,301.1,303.9,31750,1129050,2022-01-31
NIFTYWK17200CE,31-01-2022 11:02:00,304.3,306.0,299.75,300.7,15850,1119550,2022-01-31
NIFTYWK17200CE,31-01-2022 11:03:00,300.05,301.1,292.05,295.7,26950,1119550,2022-01-31
NIFTYWK17200CE,31-01-2022 11:04:00,295.0,299.3,292.05,297.8,18300,1119550,2022-01-31
NIFTYWK17200CE,31-01-2022 11:05:00,299.6,307.2,295.95,306.35,24900,1121900,2022-01-31
NIFTYWK17200CE,31-01-2022 11:06:00,306.5,315.3,306.5,313.6,74650,1121900,2022-01-31
NIFTYWK17200CE,31-01-2022 11:07:00,314.05,315.6,311.25,311.6,43200,1121900,2022-01-31
NIFTYWK17200CE,31-01-2022 11:08:00,311.7,313.9,309.8,313.0,15200,1125300,2022-01-31
NIFTYWK17200CE,31-01-2022 11:09:00,313.9,315.4,312.0,314.35,23300,1125300,2022-01-31
NIFTYWK17200CE,31-01-2022 11:10:00,313.95,316.7,311.25,314.0,27050,1125300,2022-01-31
NIFTYWK17200CE,31-01-2022 11:11:00,312.6,318.4,312.0,316.25,16850,1117600,2022-01-31
NIFTYWK17200CE,31-01-2022 11:12:00,315.45,317.7,314.1,314.45,17300,1117600,2022-01-31
NIFTYWK17200CE,31-01-2022 11:13:00,314.45,317.95,312.3,315.95,33250,1117600,2022-01-31
NIFTYWK17200CE,31-01-2022 11:14:00,315.3,318.25,314.2,314.2,10500,1111200,2022-01-31
NIFTYWK17200CE,31-01-2022 11:15:00,314.75,317.5,310.45,312.2,15850,1111200,2022-01-31
NIFTYWK17200CE,31-01-2022 11:16:00,312.3,314.4,310.05,311.75,15800,1111200,2022-01-31
NIFTYWK17200CE,31-01-2022 11:17:00,311.75,314.95,311.5,313.85,6100,1109100,2022-01-31
NIFTYWK17200CE,31-01-2022 11:18:00,314.3,316.15,312.65,315.4,8650,1109100,2022-01-31
NIFTYWK17200CE,31-01-2022 11:19:00,314.9,316.0,312.05,312.45,6850,1109100,2022-01-31
NIFTYWK17200CE,31-01-2022 11:20:00,312.5,312.5,306.75,308.1,23450,1104800,2022-01-31
NIFTYWK17200CE,31-01-2022 11:21:00,307.55,310.7,304.35,308.45,30750,1104800,2022-01-31
NIFTYWK17200CE,31-01-2022 11:22:00,307.75,309.0,304.45,305.6,19200,1104800,2022-01-31
NIFTYWK17200CE,31-01-2022 11:23:00,305.6,311.5,305.35,309.15,15400,1098950,2022-01-31
NIFTYWK17200CE,31-01-2022 11:24:00,308.4,311.9,308.0,308.3,8100,1098950,2022-01-31
NIFTYWK17200CE,31-01-2022 11:25:00,309.0,313.65,305.0,307.4,14050,1098950,2022-01-31
NIFTYWK17200CE,31-01-2022 11:26:00,307.4,310.55,307.15,308.5,8800,1102050,2022-01-31
NIFTYWK17200CE,31-01-2022 11:27:00,309.2,315.0,308.5,311.3,13250,1102050,2022-01-31
NIFTYWK17200CE,31-01-2022 11:28:00,312.25,313.3,310.2,312.1,9750,1102050,2022-01-31
NIFTYWK17200CE,31-01-2022 11:29:00,312.1,312.2,304.45,305.4,11450,1100600,2022-01-31
NIFTYWK17200CE,31-01-2022 11:30:00,305.4,309.6,297.4,305.6,33850,1100600,2022-01-31
NIFTYWK17200CE,31-01-2022 11:31:00,305.85,307.15,302.5,302.6,19350,1100600,2022-01-31
NIFTYWK17200CE,31-01-2022 11:32:00,302.85,307.0,302.8,305.85,19400,1108000,2022-01-31
NIFTYWK17200CE,31-01-2022 11:33:00,305.85,306.0,301.2,301.2,15250,1108000,2022-01-31
NIFTYWK17200CE,31-01-2022 11:34:00,301.2,304.4,300.1,301.4,14300,1108000,2022-01-31
NIFTYWK17200CE,31-01-2022 11:35:00,300.8,308.1,300.7,307.05,23500,1109950,2022-01-31
NIFTYWK17200CE,31-01-2022 11:36:00,307.05,307.05,303.5,305.6,11300,1109950,2022-01-31
NIFTYWK17200CE,31-01-2022 11:37:00,306.1,308.05,304.35,306.4,12400,1109950,2022-01-31
NIFTYWK17200CE,31-01-2022 11:38:00,306.4,309.75,305.95,308.0,10750,1106950,2022-01-31
NIFTYWK17200CE,31-01-2022 11:39:00,308.85,310.85,307.85,308.1,12950,1106950,2022-01-31
NIFTYWK17200CE,31-01-2022 11:40:00,308.9,311.4,307.45,309.6,11050,1106950,2022-01-31
NIFTYWK17200CE,31-01-2022 11:41:00,308.9,312.4,308.2,311.25,6850,1100700,2022-01-31
NIFTYWK17200CE,31-01-2022 11:42:00,311.2,312.4,310.25,311.45,9050,1100700,2022-01-31
NIFTYWK17200CE,31-01-2022 11:43:00,311.85,312.5,310.75,312.3,6950,1100700,2022-01-31
NIFTYWK17200CE,31-01-2022 11:44:00,312.25,315.7,312.2,315.7,16150,1103050,2022-01-31
NIFTYWK17200CE,31-01-2022 11:45:00,316.65,317.0,312.45,313.25,28250,1103050,2022-01-31
NIFTYWK17200CE,31-01-2022 11:46:00,312.7,314.9,312.3,313.0,8850,1103050,2022-01-31
NIFTYWK17200CE,31-01-2022 11:47:00,312.5,314.9,309.75,313.7,15100,1107000,2022-01-31
NIFTYWK17200CE,31-01-2022 11:48:00,314.3,316.25,313.0,314.55,11000,1107000,2022-01-31
NIFTYWK17200CE,31-01-2022 11:49:00,314.6,314.7,310.25,314.0,13400,1107000,2022-01-31
NIFTYWK17200CE,31-01-2022 11:50:00,314.0,316.15,313.0,315.45,8050,1102900,2022-01-31
NIFTYWK17200CE,31-01-2022 11:51:00,316.05,317.0,315.3,316.0,10750,1102900,2022-01-31
NIFTYWK17200CE,31-01-2022 11:52:00,316.0,316.3,311.9,311.9,9800,1102900,2022-01-31
NIFTYWK17200CE,31-01-2022 11:53:00,310.5,314.5,309.95,313.15,8100,1098700,2022-01-31
NIFTYWK17200CE,31-01-2022 11:54:00,313.0,321.75,313.0,321.45,26850,1098700,2022-01-31
NIFTYWK17200CE,31-01-2022 11:55:00,321.6,321.65,318.25,320.45,22300,1098700,2022-01-31
NIFTYWK17200CE,31-01-2022 11:56:00,318.3,321.9,317.35,321.0,19100,1095100,2022-01-31
NIFTYWK17200CE,31-01-2022 11:57:00,321.0,322.0,319.7,319.7,14400,1095100,2022-01-31
NIFTYWK17200CE,31-01-2022 11:58:00,319.65,320.95,317.0,320.95,15150,1095100,2022-01-31
NIFTYWK17200CE,31-01-2022 11:59:00,321.15,327.0,321.15,325.4,47900,1091750,2022-01-31
NIFTYWK17200CE,31-01-2022 12:00:00,325.55,335.6,325.1,330.45,81550,1091750,2022-01-31
NIFTYWK17200CE,31-01-2022 12:01:00,331.75,340.4,330.0,336.9,79650,1091750,2022-01-31
NIFTYWK17200CE,31-01-2022 12:02:00,336.3,343.3,336.15,337.45,68600,1088900,2022-01-31
NIFTYWK17200CE,31-01-2022 12:03:00,338.0,342.4,336.5,339.1,32600,1088900,2022-01-31
NIFTYWK17200CE,31-01-2022 12:04:00,339.5,340.5,333.8,338.25,73550,1088900,2022-01-31
NIFTYWK17200CE,31-01-2022 12:05:00,337.8,340.7,334.0,338.35,100800,1088900,2022-01-31
NIFTYWK17200CE,31-01-2022 12:06:00,338.15,342.15,335.8,342.15,28450,1089800,2022-01-31
NIFTYWK17200CE,31-01-2022 12:07:00,342.75,343.65,338.35,339.0,32650,1089800,2022-01-31
NIFTYWK17200CE,31-01-2022 12:08:00,338.25,343.15,338.0,342.05,22200,1089800,2022-01-31
NIFTYWK17200CE,31-01-2022 12:09:00,342.25,351.65,341.7,351.65,58900,1084400,2022-01-31
NIFTYWK17200CE,31-01-2022 12:10:00,352.1,357.9,350.25,351.75,67450,1084400,2022-01-31
NIFTYWK17200CE,31-01-2022 12:11:00,351.9,354.35,346.1,348.35,33650,1084400,2022-01-31
NIFTYWK17200CE,31-01-2022 12:12:00,348.8,350.4,345.75,350.0,18400,1068600,2022-01-31
NIFTYWK17200CE,31-01-2022 12:13:00,349.35,353.0,348.25,351.75,21400,1068600,2022-01-31
NIFTYWK17200CE,31-01-2022 12:14:00,351.5,352.9,349.0,352.75,20450,1068600,2022-01-31
NIFTYWK17200CE,31-01-2022 12:15:00,352.55,355.0,346.2,351.25,31150,1057400,2022-01-31
NIFTYWK17200CE,31-01-2022 12:16:00,350.7,357.1,350.45,357.1,31700,1057400,2022-01-31
NIFTYWK17200CE,31-01-2022 12:17:00,357.65,364.8,357.65,363.25,60750,1057400,2022-01-31
NIFTYWK17200CE,31-01-2022 12:18:00,363.6,364.65,354.9,355.1,44250,1051350,2022-01-31
NIFTYWK17200CE,31-01-2022 12:19:00,354.4,362.85,354.4,362.05,15700,1051350,2022-01-31
NIFTYWK17200CE,31-01-2022 12:20:00,362.05,362.05,357.0,359.45,9650,1051350,2022-01-31
NIFTYWK17200CE,31-01-2022 12:21:00,359.45,362.0,357.25,362.0,12500,1042350,2022-01-31
NIFTYWK17200CE,31-01-2022 12:22:00,362.0,367.45,360.95,362.65,31900,1042350,2022-01-31
NIFTYWK17200CE,31-01-2022 12:23:00,362.85,363.9,360.0,362.75,15250,1042350,2022-01-31
NIFTYWK17200CE,31-01-2022 12:24:00,362.45,362.6,356.7,357.7,14550,1040000,2022-01-31
NIFTYWK17200CE,31-01-2022 12:25:00,356.45,356.45,346.4,346.65,41200,1040000,2022-01-31
NIFTYWK17200CE,31-01-2022 12:26:00,343.8,349.0,338.25,341.9,50700,1040000,2022-01-31
NIFTYWK17200CE,31-01-2022 12:27:00,343.4,353.5,343.15,353.5,32300,1015900,2022-01-31
NIFTYWK17200CE,31-01-2022 12:28:00,353.5,358.75,353.35,354.6,28100,1015900,2022-01-31
NIFTYWK17200CE,31-01-2022 12:29:00,354.5,357.75,351.35,355.1,17350,1015900,2022-01-31
NIFTYWK17200CE,31-01-2022 12:30:00,354.15,354.15,347.45,349.65,26050,998550,2022-01-31
NIFTYWK17200CE,31-01-2022 12:31:00,350.1,350.5,346.8,347.3,13650,998550,2022-01-31
NIFTYWK17200CE,31-01-2022 12:32:00,346.55,348.0,344.75,345.3,18050,998550,2022-01-31
NIFTYWK17200CE,31-01-2022 12:33:00,345.2,346.8,336.95,338.15,23300,990850,2022-01-31
NIFTYWK17200CE,31-01-2022 12:34:00,338.1,343.45,335.15,342.5,28900,990850,2022-01-31
NIFTYWK17200CE,31-01-2022 12:35:00,341.7,347.35,341.7,344.95,18050,990850,2022-01-31
NIFTYWK17200CE,31-01-2022 12:36:00,345.0,349.65,342.4,345.75,17700,990100,2022-01-31
NIFTYWK17200CE,31-01-2022 12:37:00,345.95,348.0,343.15,346.0,9950,990100,2022-01-31
NIFTYWK17200CE,31-01-2022 12:38:00,345.6,347.25,343.85,346.15,6050,990100,2022-01-31
NIFTYWK17200CE,31-01-2022 12:39:00,347.2,348.0,343.25,344.35,6350,989750,2022-01-31
NIFTYWK17200CE,31-01-2022 12:40:00,344.65,346.35,340.0,340.0,11950,989750,2022-01-31
NIFTYWK17200CE,31-01-2022 12:41:00,339.85,342.55,339.15,341.4,8150,989750,2022-01-31
NIFTYWK17200CE,31-01-2022 12:42:00,341.25,342.0,329.1,331.6,26900,992650,2022-01-31
NIFTYWK17200CE,31-01-2022 12:43:00,332.7,336.45,330.0,335.05,20300,992650,2022-01-31
NIFTYWK17200CE,31-01-2022 12:44:00,334.75,339.65,330.05,338.55,14050,992650,2022-01-31
NIFTYWK17200CE,31-01-2022 12:45:00,337.9,347.6,337.8,345.1,32600,984250,2022-01-31
NIFTYWK17200CE,31-01-2022 12:46:00,346.7,356.95,346.65,356.7,38900,984250,2022-01-31
NIFTYWK17200CE,31-01-2022 12:47:00,356.75,356.95,350.7,354.05,23100,984250,2022-01-31
NIFTYWK17200CE,31-01-2022 12:48:00,354.25,357.55,354.25,355.65,11850,984700,2022-01-31
NIFTYWK17200CE,31-01-2022 12:49:00,355.8,356.85,352.15,354.4,11200,984700,2022-01-31
NIFTYWK17200CE,31-01-2022 12:50:00,354.7,356.55,352.75,353.9,10550,984700,2022-01-31
NIFTYWK17200CE,31-01-2022 12:51:00,353.9,355.45,349.2,352.95,21550,986650,2022-01-31
NIFTYWK17200CE,31-01-2022 12:52:00,352.5,354.0,349.6,352.45,17450,986650,2022-01-31
NIFTYWK17200CE,31-01-2022 12:53:00,352.45,356.55,351.55,354.4,37700,986650,2022-01-31
NIFTYWK17200CE,31-01-2022 12:54:00,355.2,355.4,351.2,353.15,14100,957200,2022-01-31
NIFTYWK17200CE,31-01-2022 12:55:00,354.05,356.55,353.2,354.15,17700,957200,2022-01-31
NIFTYWK17200CE,31-01-2022 12:56:00,354.15,354.15,350.0,351.6,17100,957200,2022-01-31
NIFTYWK17200CE,31-01-2022 12:57:00,351.85,354.95,351.85,354.2,15300,958350,2022-01-31
NIFTYWK17200CE,31-01-2022 12:58:00,353.65,356.95,353.5,356.55,10950,958350,2022-01-31
NIFTYWK17200CE,31-01-2022 12:59:00,356.85,360.75,356.55,359.5,14350,958350,2022-01-31
NIFTYWK17200CE,31-01-2022 13:00:00,361.0,361.9,356.25,358.55,15050,964950,2022-01-31
NIFTYWK17200CE,31-01-2022 13:01:00,358.45,359.0,353.55,356.85,9300,964950,2022-01-31
NIFTYWK17200CE,31-01-2022 13:02:00,356.75,360.35,355.8,357.85,10400,964950,2022-01-31
NIFTYWK17200CE,31-01-2022 13:03:00,357.75,358.1,339.3,339.75,35850,966750,2022-01-31
NIFTYWK17200CE,31-01-2022 13:04:00,340.05,348.3,340.05,343.55,18200,966750,2022-01-31
NIFTYWK17200CE,31-01-2022 13:05:00,343.55,344.05,332.1,343.25,22600,966750,2022-01-31
NIFTYWK17200CE,31-01-2022 13:06:00,344.6,354.5,344.5,353.55,30300,959500,2022-01-31
NIFTYWK17200CE,31-01-2022 13:07:00,353.1,357.2,351.95,356.1,13900,959500,2022-01-31
NIFTYWK17200CE,31-01-2022 13:08:00,355.6,356.4,350.4,351.8,11600,959500,2022-01-31
NIFTYWK17200CE,31-01-2022 13:09:00,352.3,356.0,350.2,350.2,9050,957350,2022-01-31
NIFTYWK17200CE,31-01-2022 13:10:00,351.35,358.65,351.35,356.6,16700,957350,2022-01-31
NIFTYWK17200CE,31-01-2022 13:11:00,355.65,359.35,355.0,358.9,23000,957350,2022-01-31
NIFTYWK17200CE,31-01-2022 13:12:00,358.9,359.0,355.0,355.05,8200,963950,2022-01-31
NIFTYWK17200CE,31-01-2022 13:13:00,355.0,357.85,354.2,355.65,7100,963950,2022-01-31
NIFTYWK17200CE,31-01-2022 13:14:00,356.65,357.6,354.1,354.9,4750,963950,2022-01-31
NIFTYWK17200CE,31-01-2022 13:15:00,355.55,356.25,346.75,350.55,12650,963150,2022-01-31
NIFTYWK17200CE,31-01-2022 13:16:00,350.55,355.15,346.0,355.15,9400,963150,2022-01-31
NIFTYWK17200CE,31-01-2022 13:17:00,355.1,359.8,352.55,359.25,15600,963150,2022-01-31
NIFTYWK17200CE,31-01-2022 13:18:00,359.3,362.75,358.65,362.25,24150,967950,2022-01-31
NIFTYWK17200CE,31-01-2022 13:19:00,362.25,366.0,358.85,359.05,30100,967950,2022-01-31
NIFTYWK17200CE,31-01-2022 13:20:00,358.85,362.35,358.85,358.85,15950,967950,2022-01-31
NIFTYWK17200CE,31-01-2022 13:21:00,358.8,362.5,358.2,362.5,10950,969950,2022-01-31
NIFTYWK17200CE,31-01-2022 13:22:00,362.45,364.45,360.9,361.15,8950,969950,2022-01-31
NIFTYWK17200CE,31-01-2022 13:23:00,360.9,364.9,358.4,361.1,10100,969950,2022-01-31
NIFTYWK17200CE,31-01-2022 13:24:00,361.6,362.2,352.3,354.55,24600,968750,2022-01-31
NIFTYWK17200CE,31-01-2022 13:25:00,354.55,354.55,342.25,349.0,37400,968750,2022-01-31
NIFTYWK17200CE,31-01-2022 13:26:00,348.4,354.2,347.5,347.55,14050,968750,2022-01-31
NIFTYWK17200CE,31-01-2022 13:27:00,347.1,347.85,342.95,347.05,19200,961800,2022-01-31
NIFTYWK17200CE,31-01-2022 13:28:00,345.6,345.7,340.1,345.45,20450,961800,2022-01-31
NIFTYWK17200CE,31-01-2022 13:29:00,345.45,350.7,342.35,343.2,21600,961800,2022-01-31
NIFTYWK17200CE,31-01-2022 13:30:00,341.6,347.0,331.75,334.45,37850,970000,2022-01-31
NIFTYWK17200CE,31-01-2022 13:31:00,335.0,336.25,318.1,325.95,82800,970000,2022-01-31
NIFTYWK17200CE,31-01-2022 13:32:00,325.1,329.45,324.75,327.35,21200,970000,2022-01-31
NIFTYWK17200CE,31-01-2022 13:33:00,327.85,333.75,324.4,333.0,32500,956400,2022-01-31
NIFTYWK17200CE,31-01-2022 13:34:00,333.05,333.4,325.9,328.4,24950,956400,2022-01-31
NIFTYWK17200CE,31-01-2022 13:35:00,327.85,330.05,325.15,329.15,13350,956400,2022-01-31
NIFTYWK17200CE,31-01-2022 13:36:00,330.0,333.8,326.05,326.05,18850,951750,2022-01-31
NIFTYWK17200CE,31-01-2022 13:37:00,326.45,326.45,312.25,312.25,51050,951750,2022-01-31
NIFTYWK17200CE,31-01-2022 13:38:00,312.85,324.4,310.55,318.75,26450,951750,2022-01-31
NIFTYWK17200CE,31-01-2022 13:39:00,318.2,323.0,318.2,322.5,20050,944650,2022-01-31
NIFTYWK17200CE,31-01-2022 13:40:00,322.7,325.95,316.15,324.65,63400,944650,2022-01-31
NIFTYWK17200CE,31-01-2022 13:41:00,325.45,325.5,316.4,317.1,75750,944650,2022-01-31
NIFTYWK17200CE,31-01-2022 13:42:00,317.05,323.8,317.05,322.45,30450,907300,2022-01-31
NIFTYWK17200CE,31-01-2022 13:43:00,323.7,329.0,323.7,327.45,47400,907300,2022-01-31
NIFTYWK17200CE,31-01-2022 13:44:00,327.65,336.8,325.7,332.15,63550,907300,2022-01-31
NIFTYWK17200CE,31-01-2022 13:45:00,332.45,340.55,330.15,338.15,46950,883750,2022-01-31
NIFTYWK17200CE,31-01-2022 13:46:00,338.55,340.65,330.0,330.5,26800,883750,2022-01-31
NIFTYWK17200CE,31-01-2022 13:47:00,331.3,333.0,323.05,324.25,27650,883750,2022-01-31
NIFTYWK17200CE,31-01-2022 13:48:00,326.05,327.5,318.3,319.9,29950,877200,2022-01-31
NIFTYWK17200CE,31-01-2022 13:49:00,319.95,322.2,317.0,317.85,15300,877200,2022-01-31
NIFTYWK17200CE,31-01-2022 13:50:00,317.4,318.1,312.1,316.35,30800,877200,2022-01-31
NIFTYWK17200CE,31-01-2022 13:51:00,316.7,319.35,313.2,316.0,21550,871400,2022-01-31
NIFTYWK17200CE,31-01-2022 13:52:00,316.0,324.95,314.15,324.25,27750,871400,2022-01-31
NIFTYWK17200CE,31-01-2022 13:53:00,323.5,327.6,321.75,325.85,23650,871400,2022-01-31
NIFTYWK17200CE,31-01-2022 13:54:00,325.85,326.3,319.15,319.4,13000,882100,2022-01-31
NIFTYWK17200CE,31-01-2022 13:55:00,317.4,323.0,314.65,315.85,18150,882100,2022-01-31
NIFTYWK17200CE,31-01-2022 13:56:00,316.95,321.45,316.3,318.5,6850,882100,2022-01-31
NIFTYWK17200CE,31-01-2022 13:57:00,317.9,328.8,317.3,326.55,20700,882100,2022-01-31
NIFTYWK17200CE,31-01-2022 13:58:00,327.25,328.9,321.8,321.8,19400,882100,2022-01-31
NIFTYWK17200CE,31-01-2022 13:59:00,321.4,324.55,319.45,321.7,7550,882100,2022-01-31
NIFTYWK17200CE,31-01-2022 14:00:00,321.7,323.3,317.25,322.75,16600,892100,2022-01-31
NIFTYWK17200CE,31-01-2022 14:01:00,322.75,324.75,317.2,318.15,9700,892100,2022-01-31
NIFTYWK17200CE,31-01-2022 14:02:00,318.0,321.6,315.0,315.25,11200,892100,2022-01-31
NIFTYWK17200CE,31-01-2022 14:03:00,314.65,318.4,312.7,317.5,15350,899900,2022-01-31
NIFTYWK17200CE,31-01-2022 14:04:00,317.4,322.15,315.7,316.0,12250,899900,2022-01-31
NIFTYWK17200CE,31-01-2022 14:05:00,315.6,321.75,315.6,321.75,9450,899900,2022-01-31
NIFTYWK17200CE,31-01-2022 14:06:00,321.7,332.55,321.7,331.5,38150,894450,2022-01-31
NIFTYWK17200CE,31-01-2022 14:07:00,332.35,338.0,332.2,336.2,55500,894450,2022-01-31
NIFTYWK17200CE,31-01-2022 14:08:00,334.75,336.9,330.45,333.85,24050,894450,2022-01-31
NIFTYWK17200CE,31-01-2022 14:09:00,334.3,339.1,331.65,339.1,20100,897400,2022-01-31
NIFTYWK17200CE,31-01-2022 14:10:00,339.4,345.8,338.8,340.1,67500,897400,2022-01-31
NIFTYWK17200CE,31-01-2022 14:11:00,339.65,349.75,339.65,349.75,24400,897400,2022-01-31
NIFTYWK17200CE,31-01-2022 14:12:00,350.0,352.35,347.3,347.95,46450,895950,2022-01-31
NIFTYWK17200CE,31-01-2022 14:13:00,347.9,349.6,344.0,345.25,20900,895950,2022-01-31
NIFTYWK17200CE,31-01-2022 14:14:00,344.5,347.1,341.95,344.95,16500,895950,2022-01-31
NIFTYWK17200CE,31-01-2022 14:15:00,344.05,348.8,341.0,345.7,18800,889650,2022-01-31
NIFTYWK17200CE,31-01-2022 14:16:00,345.6,347.2,341.0,342.0,10100,889650,2022-01-31
NIFTYWK17200CE,31-01-2022 14:17:00,341.05,346.7,340.7,344.45,9800,889650,2022-01-31
NIFTYWK17200CE,31-01-2022 14:18:00,344.45,345.0,340.65,342.6,8800,888850,2022-01-31
NIFTYWK17200CE,31-01-2022 14:19:00,342.2,344.0,336.75,342.85,16150,888850,2022-01-31
NIFTYWK17200CE,31-01-2022 14:20:00,342.85,348.25,341.2,343.2,17850,888850,2022-01-31
NIFTYWK17200CE,31-01-2022 14:21:00,343.2,345.1,339.05,339.95,7700,884600,2022-01-31
NIFTYWK17200CE,31-01-2022 14:22:00,340.4,348.7,340.4,347.65,9900,884600,2022-01-31
NIFTYWK17200CE,31-01-2022 14:23:00,347.0,352.45,345.75,347.6,24000,884600,2022-01-31
NIFTYWK17200CE,31-01-2022 14:24:00,347.9,350.3,347.0,348.8,9950,884500,2022-01-31
NIFTYWK17200CE,31-01-2022 14:25:00,349.25,351.0,345.7,351.0,18850,884500,2022-01-31
NIFTYWK17200CE,31-01-2022 14:26:00,351.0,355.45,351.0,353.8,25900,884500,2022-01-31
NIFTYWK17200CE,31-01-2022 14:27:00,354.8,357.9,353.4,356.7,20000,884500,2022-01-31
NIFTYWK17200CE,31-01-2022 14:28:00,356.65,359.25,355.4,357.95,23250,884500,2022-01-31
NIFTYWK17200CE,31-01-2022 14:29:00,358.6,358.65,343.6,343.6,35600,884500,2022-01-31
NIFTYWK17200CE,31-01-2022 14:30:00,345.0,352.0,344.15,346.6,22650,876700,2022-01-31
NIFTYWK17200CE,31-01-2022 14:31:00,346.0,353.0,340.75,349.2,30000,876700,2022-01-31
NIFTYWK17200CE,31-01-2022 14:32:00,352.05,353.35,348.0,352.85,15000,876700,2022-01-31
NIFTYWK17200CE,31-01-2022 14:33:00,354.0,358.4,353.15,356.05,20600,878950,2022-01-31
NIFTYWK17200CE,31-01-2022 14:34:00,357.0,358.3,351.85,352.25,13550,878950,2022-01-31
NIFTYWK17200CE,31-01-2022 14:35:00,352.6,352.65,341.0,341.0,14350,878950,2022-01-31
NIFTYWK17200CE,31-01-2022 14:36:00,341.15,348.95,341.15,348.85,8150,879600,2022-01-31
NIFTYWK17200CE,31-01-2022 14:37:00,349.2,354.8,346.2,352.15,24050,879600,2022-01-31
NIFTYWK17200CE,31-01-2022 14:38:00,352.0,357.0,352.0,356.0,20100,879600,2022-01-31
NIFTYWK17200CE,31-01-2022 14:39:00,356.9,357.65,352.85,355.55,13750,873100,2022-01-31
NIFTYWK17200CE,31-01-2022 14:40:00,357.75,358.05,353.1,353.45,14100,873100,2022-01-31
NIFTYWK17200CE,31-01-2022 14:41:00,353.25,353.25,347.55,348.4,22150,873100,2022-01-31
NIFTYWK17200CE,31-01-2022 14:42:00,349.25,352.0,344.65,346.35,12450,874800,2022-01-31
NIFTYWK17200CE,31-01-2022 14:43:00,346.35,346.7,330.45,343.0,46700,874800,2022-01-31
NIFTYWK17200CE,31-01-2022 14:44:00,343.5,347.05,339.0,346.6,19600,874800,2022-01-31
NIFTYWK17200CE,31-01-2022 14:45:00,346.3,353.55,342.85,351.1,22950,874750,2022-01-31
NIFTYWK17200CE,31-01-2022 14:46:00,351.85,353.45,347.0,347.95,13350,874750,2022-01-31
NIFTYWK17200CE,31-01-2022 14:47:00,348.9,348.9,339.6,342.8,24050,874750,2022-01-31
NIFTYWK17200CE,31-01-2022 14:48:00,343.95,347.7,342.2,347.7,6600,877600,2022-01-31
NIFTYWK17200CE,31-01-2022 14:49:00,347.7,348.4,343.35,346.75,14150,877600,2022-01-31
NIFTYWK17200CE,31-01-2022 14:50:00,346.75,352.0,345.05,350.4,10850,877600,2022-01-31
NIFTYWK17200CE,31-01-2022 14:51:00,349.45,349.45,342.85,342.85,14700,881450,2022-01-31
NIFTYWK17200CE,31-01-2022 14:52:00,342.65,344.6,337.45,339.0,20800,881450,2022-01-31
NIFTYWK17200CE,31-01-2022 14:53:00,338.45,348.3,338.45,343.0,13750,881450,2022-01-31
NIFTYWK17200CE,31-01-2022 14:54:00,343.35,346.1,341.95,345.15,10850,888350,2022-01-31
NIFTYWK17200CE,31-01-2022 14:55:00,345.25,349.05,344.7,348.8,12850,888350,2022-01-31
NIFTYWK17200CE,31-01-2022 14:56:00,349.0,351.05,346.2,346.2,9350,888350,2022-01-31
NIFTYWK17200CE,31-01-2022 14:57:00,347.3,348.85,346.35,347.55,5650,889700,2022-01-31
NIFTYWK17200CE,31-01-2022 14:58:00,348.1,349.25,340.65,347.05,21400,889700,2022-01-31
NIFTYWK17200CE,31-01-2022 14:59:00,346.95,348.5,344.35,347.0,13450,889700,2022-01-31
NIFTYWK17200CE,31-01-2022 15:00:00,347.35,349.5,327.15,327.9,56850,885450,2022-01-31
NIFTYWK17200CE,31-01-2022 15:01:00,329.0,335.2,320.65,321.8,41950,885450,2022-01-31
NIFTYWK17200CE,31-01-2022 15:02:00,319.95,328.6,319.8,325.0,55400,885450,2022-01-31
NIFTYWK17200CE,31-01-2022 15:03:00,325.6,332.45,322.95,324.1,29000,910700,2022-01-31
NIFTYWK17200CE,31-01-2022 15:04:00,324.1,327.0,316.35,316.5,25750,910700,2022-01-31
NIFTYWK17200CE,31-01-2022 15:05:00,317.15,321.65,316.15,319.6,28150,910700,2022-01-31
NIFTYWK17200CE,31-01-2022 15:06:00,321.9,330.0,321.9,322.8,22800,909050,2022-01-31
NIFTYWK17200CE,31-01-2022 15:07:00,323.15,326.9,323.0,324.8,17400,909050,2022-01-31
NIFTYWK17200CE,31-01-2022 15:08:00,324.15,326.45,319.0,319.65,13350,909050,2022-01-31
NIFTYWK17200CE,31-01-2022 15:09:00,320.35,321.1,313.65,315.0,22400,905050,2022-01-31
NIFTYWK17200CE,31-01-2022 15:10:00,315.3,322.4,315.25,316.75,28450,905050,2022-01-31
NIFTYWK17200CE,31-01-2022 15:11:00,318.0,322.4,317.75,319.6,25200,905050,2022-01-31
NIFTYWK17200CE,31-01-2022 15:12:00,319.6,324.6,319.6,322.55,34850,892550,2022-01-31
NIFTYWK17200CE,31-01-2022 15:13:00,322.6,327.8,322.15,325.9,34300,892550,2022-01-31
NIFTYWK17200CE,31-01-2022 15:14:00,325.25,328.0,317.0,317.0,45050,892550,2022-01-31
NIFTYWK17200CE,31-01-2022 15:15:00,318.0,321.55,317.5,320.15,44100,883750,2022-01-31
NIFTYWK17200CE,31-01-2022 15:16:00,320.8,323.45,319.3,321.0,17450,883750,2022-01-31
NIFTYWK17200CE,31-01-2022 15:17:00,321.45,326.55,321.1,325.1,42300,883750,2022-01-31
NIFTYWK17200CE,31-01-2022 15:18:00,325.15,328.15,323.4,326.3,52750,849350,2022-01-31
NIFTYWK17200CE,31-01-2022 15:19:00,327.0,327.0,322.1,322.1,31800,849350,2022-01-31
NIFTYWK17200CE,31-01-2022 15:20:00,323.6,323.6,319.95,320.45,24150,849350,2022-01-31
NIFTYWK17200CE,31-01-2022 15:21:00,320.5,321.35,313.6,313.9,47650,806400,2022-01-31
NIFTYWK17200CE,31-01-2022 15:22:00,313.9,313.9,310.9,312.0,38050,806400,2022-01-31
NIFTYWK17200CE,31-01-2022 15:23:00,312.35,313.95,310.75,311.05,40600,806400,2022-01-31
NIFTYWK17200CE,31-01-2022 15:24:00,311.4,312.0,308.45,308.55,35000,778900,2022-01-31
NIFTYWK17200CE,31-01-2022 15:25:00,308.85,315.15,308.25,314.95,45150,778900,2022-01-31
NIFTYWK17200CE,31-01-2022 15:26:00,315.25,315.75,312.5,312.5,27850,778900,2022-01-31
NIFTYWK17200CE,31-01-2022 15:27:00,312.95,313.3,310.0,312.0,22150,767550,2022-01-31
NIFTYWK17200CE,31-01-2022 15:28:00,312.0,312.85,310.85,312.8,24100,767550,2022-01-31
NIFTYWK17200CE,31-01-2022 15:29:00,312.5,324.55,311.7,316.75,49900,767550,2022-01-31
