Ticker,Date/Time,Open,High,Low,Close,Volume,Open Interest,Date
NIFTYWK17300CE,17-03-2022 09:15:00,32.55,44.7,28.15,32.1,3247300,4409100,2022-03-17
NIFTYWK17300CE,17-03-2022 09:16:00,32.2,34.05,28.4,28.6,2123650,4409100,2022-03-17
NIFTYWK17300CE,17-03-2022 09:17:00,28.2,30.4,27.55,28.05,1936950,4916900,2022-03-17
NIFTYWK17300CE,17-03-2022 09:18:00,28.2,31.05,28.2,30.75,1758050,4916900,2022-03-17
NIFTYWK17300CE,17-03-2022 09:19:00,30.7,32.55,30.15,31.3,1619650,4916900,2022-03-17
NIFTYWK17300CE,17-03-2022 09:20:00,30.95,32.95,28.65,30.15,1854850,5284800,2022-03-17
NIFTYWK17300CE,17-03-2022 09:21:00,29.75,30.4,28.2,29.3,1089350,5284800,2022-03-17
NIFTYWK17300CE,17-03-2022 09:22:00,29.2,30.2,28.55,29.55,1035800,5284800,2022-03-17
NIFTYWK17300CE,17-03-2022 09:23:00,29.5,29.75,26.75,26.75,1369900,5669450,2022-03-17
NIFTYWK17300CE,17-03-2022 09:24:00,26.65,29.15,26.4,27.0,1052600,5669450,2022-03-17
NIFTYWK17300CE,17-03-2022 09:25:00,26.9,27.75,23.6,23.95,1390050,5669450,2022-03-17
NIFTYWK17300CE,17-03-2022 09:26:00,23.65,25.45,22.75,24.85,1243100,6029450,2022-03-17
NIFTYWK17300CE,17-03-2022 09:27:00,24.9,27.1,24.3,26.25,918250,6029450,2022-03-17
NIFTYWK17300CE,17-03-2022 09:28:00,26.15,26.55,24.45,24.45,808300,6029450,2022-03-17
NIFTYWK17300CE,17-03-2022 09:29:00,24.55,24.55,22.35,23.0,1130800,6350600,2022-03-17
NIFTYWK17300CE,17-03-2022 09:30:00,23.5,25.3,22.75,25.1,1030250,6350600,2022-03-17
NIFTYWK17300CE,17-03-2022 09:31:00,25.5,25.55,22.75,22.85,627900,6350600,2022-03-17
NIFTYWK17300CE,17-03-2022 09:32:00,22.8,23.4,22.2,22.7,816750,6580350,2022-03-17
NIFTYWK17300CE,17-03-2022 09:33:00,22.75,23.15,21.45,22.9,961750,6580350,2022-03-17
NIFTYWK17300CE,17-03-2022 09:34:00,22.85,22.85,20.75,20.75,699400,6580350,2022-03-17
NIFTYWK17300CE,17-03-2022 09:35:00,21.1,24.15,21.0,23.7,962350,6718600,2022-03-17
NIFTYWK17300CE,17-03-2022 09:36:00,23.75,25.35,23.4,25.25,731550,6718600,2022-03-17
NIFTYWK17300CE,17-03-2022 09:37:00,25.25,26.55,25.25,25.75,1099850,6718600,2022-03-17
NIFTYWK17300CE,17-03-2022 09:38:00,25.55,26.3,25.25,25.75,688600,6918100,2022-03-17
NIFTYWK17300CE,17-03-2022 09:39:00,26.0,26.5,24.15,24.7,698250,6918100,2022-03-17
NIFTYWK17300CE,17-03-2022 09:40:00,25.05,26.35,24.4,24.5,601750,6918100,2022-03-17
NIFTYWK17300CE,17-03-2022 09:41:00,24.5,25.5,24.05,25.5,435150,7024050,2022-03-17
NIFTYWK17300CE,17-03-2022 09:42:00,25.5,25.65,23.0,23.4,793150,7024050,2022-03-17
NIFTYWK17300CE,17-03-2022 09:43:00,23.25,23.7,21.55,21.85,685550,7024050,2022-03-17
NIFTYWK17300CE,17-03-2022 09:44:00,22.1,23.25,21.65,22.05,650600,7275300,2022-03-17
NIFTYWK17300CE,17-03-2022 09:45:00,22.05,24.05,22.05,23.85,683450,7275300,2022-03-17
NIFTYWK17300CE,17-03-2022 09:46:00,23.9,24.6,22.8,22.95,636500,7275300,2022-03-17
NIFTYWK17300CE,17-03-2022 09:47:00,22.75,23.3,21.9,21.9,552800,7486450,2022-03-17
NIFTYWK17300CE,17-03-2022 09:48:00,22.05,23.85,21.95,23.05,903100,7486450,2022-03-17
NIFTYWK17300CE,17-03-2022 09:49:00,23.15,23.2,22.5,23.05,356200,7486450,2022-03-17
NIFTYWK17300CE,17-03-2022 09:50:00,23.1,23.8,23.1,23.5,335900,7580950,2022-03-17
NIFTYWK17300CE,17-03-2022 09:51:00,23.55,23.65,22.55,22.65,410300,7580950,2022-03-17
NIFTYWK17300CE,17-03-2022 09:52:00,22.6,23.15,22.5,22.9,356050,7580950,2022-03-17
NIFTYWK17300CE,17-03-2022 09:53:00,22.95,24.15,22.75,23.95,514000,7758100,2022-03-17
NIFTYWK17300CE,17-03-2022 09:54:00,23.8,25.5,23.8,25.4,829450,7758100,2022-03-17
NIFTYWK17300CE,17-03-2022 09:55:00,25.45,25.55,24.2,25.3,609800,7758100,2022-03-17
NIFTYWK17300CE,17-03-2022 09:56:00,25.45,26.65,25.35,26.2,781300,7779950,2022-03-17
NIFTYWK17300CE,17-03-2022 09:57:00,26.2,30.5,25.5,30.4,1692150,7779950,2022-03-17
NIFTYWK17300CE,17-03-2022 09:58:00,30.5,32.4,29.6,31.9,1765800,7779950,2022-03-17
NIFTYWK17300CE,17-03-2022 09:59:00,31.95,32.6,30.4,31.65,1434050,7632600,2022-03-17
NIFTYWK17300CE,17-03-2022 10:00:00,31.7,33.1,30.4,30.4,1407200,7632600,2022-03-17
NIFTYWK17300CE,17-03-2022 10:01:00,30.75,34.55,30.75,33.75,1320900,7632600,2022-03-17
NIFTYWK17300CE,17-03-2022 10:02:00,34.05,35.3,33.35,34.05,1512100,7596750,2022-03-17
NIFTYWK17300CE,17-03-2022 10:03:00,34.1,35.85,33.9,34.6,1427650,7596750,2022-03-17
NIFTYWK17300CE,17-03-2022 10:04:00,34.75,37.1,34.75,35.3,1453300,7596750,2022-03-17
NIFTYWK17300CE,17-03-2022 10:05:00,35.75,37.8,34.3,37.8,1342750,7610150,2022-03-17
NIFTYWK17300CE,17-03-2022 10:06:00,37.7,38.3,33.3,34.0,1681950,7610150,2022-03-17
NIFTYWK17300CE,17-03-2022 10:07:00,34.15,36.65,33.7,35.6,962800,7610150,2022-03-17
NIFTYWK17300CE,17-03-2022 10:08:00,35.6,37.0,34.8,36.9,746750,7674400,2022-03-17
NIFTYWK17300CE,17-03-2022 10:09:00,36.7,37.2,34.7,34.85,889150,7674400,2022-03-17
NIFTYWK17300CE,17-03-2022 10:10:00,34.8,36.05,34.05,35.0,805600,7674400,2022-03-17
NIFTYWK17300CE,17-03-2022 10:11:00,35.15,35.15,33.05,34.75,764950,7795300,2022-03-17
NIFTYWK17300CE,17-03-2022 10:12:00,34.6,36.6,34.25,35.75,842500,7795300,2022-03-17
NIFTYWK17300CE,17-03-2022 10:13:00,35.6,36.5,35.1,35.6,603100,7795300,2022-03-17
NIFTYWK17300CE,17-03-2022 10:14:00,35.45,37.85,34.65,37.8,966400,7790350,2022-03-17
NIFTYWK17300CE,17-03-2022 10:15:00,37.85,39.15,37.0,38.95,1345000,7790350,2022-03-17
NIFTYWK17300CE,17-03-2022 10:16:00,39.0,39.25,37.25,39.2,921050,7790350,2022-03-17
NIFTYWK17300CE,17-03-2022 10:17:00,39.25,42.55,39.2,41.75,1996600,7587650,2022-03-17
NIFTYWK17300CE,17-03-2022 10:18:00,41.8,42.2,39.3,39.6,1267700,7587650,2022-03-17
NIFTYWK17300CE,17-03-2022 10:19:00,39.4,39.6,34.35,37.85,1607050,7587650,2022-03-17
NIFTYWK17300CE,17-03-2022 10:20:00,38.1,38.7,35.8,35.9,902900,7688550,2022-03-17
NIFTYWK17300CE,17-03-2022 10:21:00,36.2,37.4,35.15,35.5,680750,7688550,2022-03-17
NIFTYWK17300CE,17-03-2022 10:22:00,35.9,36.25,34.45,35.3,771200,7688550,2022-03-17
NIFTYWK17300CE,17-03-2022 10:23:00,35.4,35.85,33.8,35.5,730900,7650650,2022-03-17
NIFTYWK17300CE,17-03-2022 10:24:00,35.25,36.85,34.25,34.9,729100,7650650,2022-03-17
NIFTYWK17300CE,17-03-2022 10:25:00,34.95,37.0,34.7,36.35,515200,7650650,2022-03-17
NIFTYWK17300CE,17-03-2022 10:26:00,36.5,38.75,36.1,38.5,674750,7715250,2022-03-17
NIFTYWK17300CE,17-03-2022 10:27:00,38.4,39.35,37.75,39.0,966550,7715250,2022-03-17
NIFTYWK17300CE,17-03-2022 10:28:00,38.85,38.95,35.4,35.85,673950,7715250,2022-03-17
NIFTYWK17300CE,17-03-2022 10:29:00,35.9,36.25,34.75,35.7,756500,7789500,2022-03-17
NIFTYWK17300CE,17-03-2022 10:30:00,35.65,37.7,35.4,36.45,621850,7789500,2022-03-17
NIFTYWK17300CE,17-03-2022 10:31:00,36.7,37.15,35.5,35.85,412600,7789500,2022-03-17
NIFTYWK17300CE,17-03-2022 10:32:00,35.7,35.9,33.9,34.15,798150,7836000,2022-03-17
NIFTYWK17300CE,17-03-2022 10:33:00,34.4,34.4,32.45,33.8,909100,7836000,2022-03-17
NIFTYWK17300CE,17-03-2022 10:34:00,33.95,34.75,33.25,33.55,445650,7836000,2022-03-17
NIFTYWK17300CE,17-03-2022 10:35:00,33.55,35.7,33.4,35.6,496450,7852950,2022-03-17
NIFTYWK17300CE,17-03-2022 10:36:00,35.55,36.1,32.1,33.1,815300,7852950,2022-03-17
NIFTYWK17300CE,17-03-2022 10:37:00,33.0,34.2,31.85,33.3,616800,7852950,2022-03-17
NIFTYWK17300CE,17-03-2022 10:38:00,33.55,34.25,32.15,32.7,535000,7961100,2022-03-17
NIFTYWK17300CE,17-03-2022 10:39:00,32.7,32.7,30.7,31.6,753050,7961100,2022-03-17
NIFTYWK17300CE,17-03-2022 10:40:00,31.65,32.4,30.75,31.1,577800,7961100,2022-03-17
NIFTYWK17300CE,17-03-2022 10:41:00,31.0,31.75,29.8,31.75,782250,7941800,2022-03-17
NIFTYWK17300CE,17-03-2022 10:42:00,31.8,33.9,31.7,33.9,690900,7941800,2022-03-17
NIFTYWK17300CE,17-03-2022 10:43:00,33.9,34.6,32.5,34.5,761550,7941800,2022-03-17
NIFTYWK17300CE,17-03-2022 10:44:00,34.45,35.05,33.9,34.65,630450,7934400,2022-03-17
NIFTYWK17300CE,17-03-2022 10:45:00,34.75,36.7,34.75,36.45,939900,7934400,2022-03-17
NIFTYWK17300CE,17-03-2022 10:46:00,36.5,36.9,35.4,35.75,624850,7934400,2022-03-17
NIFTYWK17300CE,17-03-2022 10:47:00,35.95,36.2,33.85,34.85,500400,8139150,2022-03-17
NIFTYWK17300CE,17-03-2022 10:48:00,35.1,35.55,33.85,34.2,364600,8139150,2022-03-17
NIFTYWK17300CE,17-03-2022 10:49:00,34.3,35.05,33.9,34.4,310700,8139150,2022-03-17
NIFTYWK17300CE,17-03-2022 10:50:00,34.35,34.95,33.6,34.0,346900,8205500,2022-03-17
NIFTYWK17300CE,17-03-2022 10:51:00,33.95,34.35,31.75,32.05,667950,8205500,2022-03-17
NIFTYWK17300CE,17-03-2022 10:52:00,31.9,33.0,31.2,32.2,426400,8205500,2022-03-17
NIFTYWK17300CE,17-03-2022 10:53:00,32.25,33.7,31.65,31.65,344550,8260550,2022-03-17
NIFTYWK17300CE,17-03-2022 10:54:00,31.35,32.2,30.7,30.8,515700,8260550,2022-03-17
NIFTYWK17300CE,17-03-2022 10:55:00,30.85,32.1,30.8,31.05,406300,8260550,2022-03-17
NIFTYWK17300CE,17-03-2022 10:56:00,31.05,31.9,30.9,31.55,320800,8358200,2022-03-17
NIFTYWK17300CE,17-03-2022 10:57:00,31.55,31.55,30.65,30.95,416050,8358200,2022-03-17
NIFTYWK17300CE,17-03-2022 10:58:00,30.95,32.65,30.95,32.45,520850,8358200,2022-03-17
NIFTYWK17300CE,17-03-2022 10:59:00,32.8,34.0,32.2,33.8,688250,8363000,2022-03-17
NIFTYWK17300CE,17-03-2022 11:00:00,33.75,33.75,30.8,31.3,553000,8363000,2022-03-17
NIFTYWK17300CE,17-03-2022 11:01:00,31.7,33.0,31.6,32.25,343950,8363000,2022-03-17
NIFTYWK17300CE,17-03-2022 11:02:00,32.2,32.9,31.5,32.15,303250,8439750,2022-03-17
NIFTYWK17300CE,17-03-2022 11:03:00,32.15,33.85,32.15,33.85,382450,8439750,2022-03-17
NIFTYWK17300CE,17-03-2022 11:04:00,33.8,34.35,33.25,33.35,461900,8439750,2022-03-17
NIFTYWK17300CE,17-03-2022 11:05:00,33.2,33.85,32.15,32.35,335600,8471750,2022-03-17
NIFTYWK17300CE,17-03-2022 11:06:00,32.1,32.25,30.4,31.0,854800,8471750,2022-03-17
NIFTYWK17300CE,17-03-2022 11:07:00,31.1,32.05,30.85,30.9,431800,8471750,2022-03-17
NIFTYWK17300CE,17-03-2022 11:08:00,30.85,31.9,30.35,31.75,388600,8522550,2022-03-17
NIFTYWK17300CE,17-03-2022 11:09:00,31.9,32.5,31.45,31.5,467500,8522550,2022-03-17
NIFTYWK17300CE,17-03-2022 11:10:00,31.5,31.9,30.45,31.15,412500,8522550,2022-03-17
NIFTYWK17300CE,17-03-2022 11:11:00,31.1,31.5,29.45,30.4,813300,8522550,2022-03-17
NIFTYWK17300CE,17-03-2022 11:12:00,30.55,31.65,29.35,31.2,522300,8620700,2022-03-17
NIFTYWK17300CE,17-03-2022 11:13:00,31.15,32.2,30.9,32.0,416700,8620700,2022-03-17
NIFTYWK17300CE,17-03-2022 11:14:00,32.15,33.2,31.8,32.6,538000,8620700,2022-03-17
NIFTYWK17300CE,17-03-2022 11:15:00,32.4,33.9,32.25,32.85,554600,8492700,2022-03-17
NIFTYWK17300CE,17-03-2022 11:16:00,32.85,32.9,31.7,32.25,359500,8492700,2022-03-17
NIFTYWK17300CE,17-03-2022 11:17:00,32.05,32.7,31.25,32.35,265000,8492700,2022-03-17
NIFTYWK17300CE,17-03-2022 11:18:00,32.45,32.45,30.2,30.65,395700,8515200,2022-03-17
NIFTYWK17300CE,17-03-2022 11:19:00,30.7,31.45,30.15,31.1,319700,8515200,2022-03-17
NIFTYWK17300CE,17-03-2022 11:20:00,30.95,32.4,30.95,31.85,305650,8515200,2022-03-17
NIFTYWK17300CE,17-03-2022 11:21:00,31.9,32.35,30.7,30.85,254850,8612100,2022-03-17
NIFTYWK17300CE,17-03-2022 11:22:00,30.8,32.6,30.7,31.95,336500,8612100,2022-03-17
NIFTYWK17300CE,17-03-2022 11:23:00,31.65,32.25,31.3,32.0,222700,8612100,2022-03-17
NIFTYWK17300CE,17-03-2022 11:24:00,32.1,32.2,31.25,31.35,198950,8626150,2022-03-17
NIFTYWK17300CE,17-03-2022 11:25:00,31.35,31.8,31.0,31.5,183500,8626150,2022-03-17
NIFTYWK17300CE,17-03-2022 11:26:00,31.0,31.4,30.65,31.4,270750,8626150,2022-03-17
NIFTYWK17300CE,17-03-2022 11:27:00,31.35,31.85,31.15,31.6,163850,8691800,2022-03-17
NIFTYWK17300CE,17-03-2022 11:28:00,31.65,32.05,30.4,30.6,451000,8691800,2022-03-17
NIFTYWK17300CE,17-03-2022 11:29:00,30.55,37.65,30.45,37.1,1392400,8691800,2022-03-17
NIFTYWK17300CE,17-03-2022 11:30:00,37.0,38.7,35.65,38.6,1639850,8387450,2022-03-17
NIFTYWK17300CE,17-03-2022 11:31:00,39.65,47.0,39.5,44.05,3574850,8387450,2022-03-17
NIFTYWK17300CE,17-03-2022 11:32:00,44.15,44.25,41.75,43.1,1198200,8387450,2022-03-17
NIFTYWK17300CE,17-03-2022 11:33:00,43.25,45.55,43.15,44.6,1279000,7850650,2022-03-17
NIFTYWK17300CE,17-03-2022 11:34:00,44.55,44.9,42.9,44.0,967050,7850650,2022-03-17
NIFTYWK17300CE,17-03-2022 11:35:00,44.2,44.5,41.1,41.9,913600,7850650,2022-03-17
NIFTYWK17300CE,17-03-2022 11:36:00,41.9,42.15,40.15,41.8,858200,7908200,2022-03-17
NIFTYWK17300CE,17-03-2022 11:37:00,41.75,43.45,40.6,43.45,708900,7908200,2022-03-17
NIFTYWK17300CE,17-03-2022 11:38:00,43.5,43.55,41.2,42.7,598950,7908200,2022-03-17
NIFTYWK17300CE,17-03-2022 11:39:00,42.65,44.9,42.6,44.85,819050,8096900,2022-03-17
NIFTYWK17300CE,17-03-2022 11:40:00,44.85,47.8,44.75,45.4,1584550,8096900,2022-03-17
NIFTYWK17300CE,17-03-2022 11:41:00,45.7,45.9,43.65,44.85,875050,8096900,2022-03-17
NIFTYWK17300CE,17-03-2022 11:42:00,45.05,46.45,43.8,44.2,808250,8018300,2022-03-17
NIFTYWK17300CE,17-03-2022 11:43:00,44.4,44.65,43.4,43.85,520500,8018300,2022-03-17
NIFTYWK17300CE,17-03-2022 11:44:00,44.1,44.35,42.4,43.75,691800,8018300,2022-03-17
NIFTYWK17300CE,17-03-2022 11:45:00,43.7,49.0,42.9,48.0,1403850,8025150,2022-03-17
NIFTYWK17300CE,17-03-2022 11:46:00,48.2,48.2,45.9,46.1,975850,8025150,2022-03-17
NIFTYWK17300CE,17-03-2022 11:47:00,46.3,46.6,44.95,46.4,623500,8025150,2022-03-17
NIFTYWK17300CE,17-03-2022 11:48:00,46.15,50.0,45.85,49.25,1178800,7892750,2022-03-17
NIFTYWK17300CE,17-03-2022 11:49:00,48.95,49.6,48.3,48.55,1120650,7892750,2022-03-17
NIFTYWK17300CE,17-03-2022 11:50:00,48.8,49.1,47.55,48.2,792450,7892750,2022-03-17
NIFTYWK17300CE,17-03-2022 11:51:00,48.3,48.75,46.35,46.65,797500,7843100,2022-03-17
NIFTYWK17300CE,17-03-2022 11:52:00,46.6,48.45,46.2,46.9,621250,7843100,2022-03-17
NIFTYWK17300CE,17-03-2022 11:53:00,47.2,51.0,46.45,50.55,1043050,7843100,2022-03-17
NIFTYWK17300CE,17-03-2022 11:54:00,50.3,53.65,49.75,53.65,1588100,7665350,2022-03-17
NIFTYWK17300CE,17-03-2022 11:55:00,53.8,54.65,52.15,52.6,1328700,7665350,2022-03-17
NIFTYWK17300CE,17-03-2022 11:56:00,52.35,52.65,50.35,51.1,884000,7665350,2022-03-17
NIFTYWK17300CE,17-03-2022 11:57:00,50.9,51.75,49.4,49.55,849450,7585500,2022-03-17
NIFTYWK17300CE,17-03-2022 11:58:00,49.65,50.9,48.4,49.4,743850,7585500,2022-03-17
NIFTYWK17300CE,17-03-2022 11:59:00,49.5,49.55,47.25,48.0,795950,7585500,2022-03-17
NIFTYWK17300CE,17-03-2022 12:00:00,48.6,50.05,48.1,48.6,692050,7645950,2022-03-17
NIFTYWK17300CE,17-03-2022 12:01:00,48.5,48.55,45.7,47.05,761600,7645950,2022-03-17
NIFTYWK17300CE,17-03-2022 12:02:00,47.0,47.85,44.45,44.65,738850,7645950,2022-03-17
NIFTYWK17300CE,17-03-2022 12:03:00,44.6,47.55,44.45,46.4,659150,7540900,2022-03-17
NIFTYWK17300CE,17-03-2022 12:04:00,46.25,46.3,41.0,43.1,1139650,7540900,2022-03-17
NIFTYWK17300CE,17-03-2022 12:05:00,43.15,44.65,41.35,44.05,694500,7540900,2022-03-17
NIFTYWK17300CE,17-03-2022 12:06:00,44.3,45.65,44.25,45.4,684650,7495400,2022-03-17
NIFTYWK17300CE,17-03-2022 12:07:00,45.35,45.85,42.7,42.95,560800,7495400,2022-03-17
NIFTYWK17300CE,17-03-2022 12:08:00,42.8,42.8,35.65,35.9,1640200,7495400,2022-03-17
NIFTYWK17300CE,17-03-2022 12:09:00,36.5,39.2,36.45,37.25,1017850,7412100,2022-03-17
NIFTYWK17300CE,17-03-2022 12:10:00,37.05,40.95,36.05,40.8,1001900,7412100,2022-03-17
NIFTYWK17300CE,17-03-2022 12:11:00,40.8,42.0,38.45,41.7,790650,7412100,2022-03-17
NIFTYWK17300CE,17-03-2022 12:12:00,42.0,42.85,40.8,42.0,727750,7607100,2022-03-17
NIFTYWK17300CE,17-03-2022 12:13:00,41.6,43.0,41.35,43.0,446000,7607100,2022-03-17
NIFTYWK17300CE,17-03-2022 12:14:00,43.0,43.4,42.0,42.65,626750,7607100,2022-03-17
NIFTYWK17300CE,17-03-2022 12:15:00,42.7,42.85,40.85,42.0,471500,7629000,2022-03-17
NIFTYWK17300CE,17-03-2022 12:16:00,42.2,43.1,41.2,41.25,466550,7629000,2022-03-17
NIFTYWK17300CE,17-03-2022 12:17:00,41.5,41.5,38.8,39.95,660950,7629000,2022-03-17
NIFTYWK17300CE,17-03-2022 12:18:00,39.95,40.35,38.7,39.15,430650,7642750,2022-03-17
NIFTYWK17300CE,17-03-2022 12:19:00,38.9,38.9,37.25,37.3,620750,7642750,2022-03-17
NIFTYWK17300CE,17-03-2022 12:20:00,37.6,41.7,37.6,41.55,722800,7642750,2022-03-17
NIFTYWK17300CE,17-03-2022 12:21:00,41.6,41.6,39.85,40.2,512700,7660200,2022-03-17
NIFTYWK17300CE,17-03-2022 12:22:00,39.85,41.2,38.55,40.8,542050,7660200,2022-03-17
NIFTYWK17300CE,17-03-2022 12:23:00,40.9,44.6,40.9,44.15,825150,7660200,2022-03-17
NIFTYWK17300CE,17-03-2022 12:24:00,44.1,44.9,43.5,43.75,720700,7615500,2022-03-17
NIFTYWK17300CE,17-03-2022 12:25:00,43.8,50.0,43.6,47.8,1635800,7615500,2022-03-17
NIFTYWK17300CE,17-03-2022 12:26:00,48.1,51.85,48.05,51.45,1588750,7615500,2022-03-17
NIFTYWK17300CE,17-03-2022 12:27:00,51.75,51.75,49.3,49.6,835950,7494300,2022-03-17
NIFTYWK17300CE,17-03-2022 12:28:00,49.45,49.85,47.3,48.75,783300,7494300,2022-03-17
NIFTYWK17300CE,17-03-2022 12:29:00,48.75,51.1,47.55,51.1,722800,7494300,2022-03-17
NIFTYWK17300CE,17-03-2022 12:30:00,51.15,55.0,50.3,54.9,1291200,7431900,2022-03-17
NIFTYWK17300CE,17-03-2022 12:31:00,54.75,54.75,50.6,51.1,1093800,7431900,2022-03-17
NIFTYWK17300CE,17-03-2022 12:32:00,51.2,53.8,50.8,53.25,638100,7431900,2022-03-17
NIFTYWK17300CE,17-03-2022 12:33:00,53.3,55.0,50.6,51.7,1170850,7275400,2022-03-17
NIFTYWK17300CE,17-03-2022 12:34:00,52.3,53.6,51.85,52.8,637650,7275400,2022-03-17
NIFTYWK17300CE,17-03-2022 12:35:00,52.7,56.0,52.7,55.85,1207550,7275400,2022-03-17
NIFTYWK17300CE,17-03-2022 12:36:00,56.5,56.5,53.4,53.55,1077150,7084050,2022-03-17
NIFTYWK17300CE,17-03-2022 12:37:00,53.45,55.65,52.8,55.65,808050,7084050,2022-03-17
NIFTYWK17300CE,17-03-2022 12:38:00,55.7,59.6,55.5,59.35,1343700,7084050,2022-03-17
NIFTYWK17300CE,17-03-2022 12:39:00,59.35,61.4,57.85,60.95,1264700,6984350,2022-03-17
NIFTYWK17300CE,17-03-2022 12:40:00,60.95,62.7,54.6,55.75,1580950,6984350,2022-03-17
NIFTYWK17300CE,17-03-2022 12:41:00,56.2,57.3,54.5,55.85,706050,6984350,2022-03-17
NIFTYWK17300CE,17-03-2022 12:42:00,55.9,56.25,53.25,55.25,698850,6858100,2022-03-17
NIFTYWK17300CE,17-03-2022 12:43:00,55.3,56.55,54.0,56.45,492450,6858100,2022-03-17
NIFTYWK17300CE,17-03-2022 12:44:00,56.7,57.4,54.15,55.05,561250,6858100,2022-03-17
NIFTYWK17300CE,17-03-2022 12:45:00,54.95,55.7,52.5,55.35,764550,6887950,2022-03-17
NIFTYWK17300CE,17-03-2022 12:46:00,55.5,56.15,51.8,53.1,712600,6887950,2022-03-17
NIFTYWK17300CE,17-03-2022 12:47:00,53.35,56.65,52.55,56.35,586900,6887950,2022-03-17
NIFTYWK17300CE,17-03-2022 12:48:00,56.6,57.8,55.6,57.6,651750,6861400,2022-03-17
NIFTYWK17300CE,17-03-2022 12:49:00,57.55,57.55,53.8,53.8,527750,6861400,2022-03-17
NIFTYWK17300CE,17-03-2022 12:50:00,53.85,53.85,51.15,52.85,690050,6861400,2022-03-17
NIFTYWK17300CE,17-03-2022 12:51:00,52.7,52.7,48.45,48.55,1009550,6820850,2022-03-17
NIFTYWK17300CE,17-03-2022 12:52:00,49.2,51.35,48.6,50.65,549750,6820850,2022-03-17
NIFTYWK17300CE,17-03-2022 12:53:00,50.5,50.65,48.3,48.9,434300,6820850,2022-03-17
NIFTYWK17300CE,17-03-2022 12:54:00,49.3,49.3,46.75,48.35,677100,6872200,2022-03-17
NIFTYWK17300CE,17-03-2022 12:55:00,48.55,51.0,48.0,50.5,526750,6872200,2022-03-17
NIFTYWK17300CE,17-03-2022 12:56:00,50.5,50.65,47.9,48.25,360150,6872200,2022-03-17
NIFTYWK17300CE,17-03-2022 12:57:00,48.2,49.8,46.05,47.8,625850,6917300,2022-03-17
NIFTYWK17300CE,17-03-2022 12:58:00,47.55,48.8,45.1,45.25,646200,6917300,2022-03-17
NIFTYWK17300CE,17-03-2022 12:59:00,45.6,46.65,43.8,45.1,761850,6917300,2022-03-17
NIFTYWK17300CE,17-03-2022 13:00:00,45.35,48.35,44.1,48.35,680700,6931100,2022-03-17
NIFTYWK17300CE,17-03-2022 13:01:00,48.45,51.2,48.45,50.45,1001450,6931100,2022-03-17
NIFTYWK17300CE,17-03-2022 13:02:00,50.25,50.45,47.7,47.8,516450,6931100,2022-03-17
NIFTYWK17300CE,17-03-2022 13:03:00,47.8,47.8,45.0,45.0,535550,6952950,2022-03-17
NIFTYWK17300CE,17-03-2022 13:04:00,44.85,46.3,41.35,41.85,1064800,6952950,2022-03-17
NIFTYWK17300CE,17-03-2022 13:05:00,41.8,44.95,41.45,42.5,772500,6952950,2022-03-17
NIFTYWK17300CE,17-03-2022 13:06:00,42.6,42.8,39.6,42.55,1047600,6967250,2022-03-17
NIFTYWK17300CE,17-03-2022 13:07:00,42.9,44.35,41.85,44.35,603600,6967250,2022-03-17
NIFTYWK17300CE,17-03-2022 13:08:00,44.2,47.3,43.65,46.5,709550,6967250,2022-03-17
NIFTYWK17300CE,17-03-2022 13:09:00,46.3,46.75,45.5,46.3,440800,7039800,2022-03-17
NIFTYWK17300CE,17-03-2022 13:10:00,46.3,46.4,42.45,44.85,559600,7039800,2022-03-17
NIFTYWK17300CE,17-03-2022 13:11:00,45.0,46.65,43.75,43.85,480400,7039800,2022-03-17
NIFTYWK17300CE,17-03-2022 13:12:00,43.9,44.85,42.5,44.1,395350,7094350,2022-03-17
NIFTYWK17300CE,17-03-2022 13:13:00,43.95,46.25,43.25,46.05,410250,7094350,2022-03-17
NIFTYWK17300CE,17-03-2022 13:14:00,46.15,46.5,44.0,45.7,407550,7094350,2022-03-17
NIFTYWK17300CE,17-03-2022 13:15:00,46.1,49.2,45.9,47.65,782750,7053400,2022-03-17
NIFTYWK17300CE,17-03-2022 13:16:00,47.4,47.4,44.25,45.2,555450,7053400,2022-03-17
NIFTYWK17300CE,17-03-2022 13:17:00,45.2,48.4,45.0,46.8,489650,7053400,2022-03-17
NIFTYWK17300CE,17-03-2022 13:18:00,46.85,47.4,46.2,46.4,256300,7134550,2022-03-17
NIFTYWK17300CE,17-03-2022 13:19:00,46.4,46.4,43.2,44.5,612000,7134550,2022-03-17
NIFTYWK17300CE,17-03-2022 13:20:00,44.45,44.7,39.15,39.15,1164300,7134550,2022-03-17
NIFTYWK17300CE,17-03-2022 13:21:00,38.75,41.45,36.3,40.05,1248750,7202200,2022-03-17
NIFTYWK17300CE,17-03-2022 13:22:00,39.75,43.0,38.6,43.0,649000,7202200,2022-03-17
NIFTYWK17300CE,17-03-2022 13:23:00,43.5,46.55,42.05,45.7,1579050,7202200,2022-03-17
NIFTYWK17300CE,17-03-2022 13:24:00,45.3,46.2,42.5,42.6,928250,7184450,2022-03-17
NIFTYWK17300CE,17-03-2022 13:25:00,42.4,42.6,39.45,39.75,808550,7184450,2022-03-17
NIFTYWK17300CE,17-03-2022 13:26:00,39.2,40.5,38.35,39.25,742500,7184450,2022-03-17
NIFTYWK17300CE,17-03-2022 13:27:00,39.2,40.8,38.1,39.65,678050,7358000,2022-03-17
NIFTYWK17300CE,17-03-2022 13:28:00,40.05,40.6,35.35,35.65,1021250,7358000,2022-03-17
NIFTYWK17300CE,17-03-2022 13:29:00,36.05,38.45,35.65,37.95,922100,7358000,2022-03-17
NIFTYWK17300CE,17-03-2022 13:30:00,38.15,39.35,35.65,38.85,932850,7576000,2022-03-17
NIFTYWK17300CE,17-03-2022 13:31:00,39.15,39.75,37.3,39.75,671300,7576000,2022-03-17
NIFTYWK17300CE,17-03-2022 13:32:00,40.0,40.15,38.3,39.3,701500,7576000,2022-03-17
NIFTYWK17300CE,17-03-2022 13:33:00,39.3,42.95,38.6,42.5,1014450,7587350,2022-03-17
NIFTYWK17300CE,17-03-2022 13:34:00,42.7,42.7,39.55,39.7,815750,7587350,2022-03-17
NIFTYWK17300CE,17-03-2022 13:35:00,39.65,39.85,36.75,39.4,848850,7587350,2022-03-17
NIFTYWK17300CE,17-03-2022 13:36:00,39.35,39.95,37.85,37.85,461750,7662400,2022-03-17
NIFTYWK17300CE,17-03-2022 13:37:00,37.8,39.1,37.25,37.3,426850,7662400,2022-03-17
NIFTYWK17300CE,17-03-2022 13:38:00,37.15,38.1,36.05,36.15,636950,7662400,2022-03-17
NIFTYWK17300CE,17-03-2022 13:39:00,36.2,38.1,36.2,36.85,404050,7740200,2022-03-17
NIFTYWK17300CE,17-03-2022 13:40:00,36.8,40.05,36.1,36.65,899300,7740200,2022-03-17
NIFTYWK17300CE,17-03-2022 13:41:00,36.75,38.95,36.25,38.95,531250,7740200,2022-03-17
NIFTYWK17300CE,17-03-2022 13:42:00,39.05,39.05,37.7,38.15,367850,7711650,2022-03-17
NIFTYWK17300CE,17-03-2022 13:43:00,38.2,42.4,37.85,42.3,700300,7711650,2022-03-17
NIFTYWK17300CE,17-03-2022 13:44:00,42.4,43.3,36.45,36.5,1289650,7711650,2022-03-17
NIFTYWK17300CE,17-03-2022 13:45:00,37.0,39.0,27.35,29.1,2497700,7730950,2022-03-17
NIFTYWK17300CE,17-03-2022 13:46:00,29.65,35.2,29.5,33.0,1566200,7730950,2022-03-17
NIFTYWK17300CE,17-03-2022 13:47:00,32.95,38.7,32.65,37.65,1504150,7730950,2022-03-17
NIFTYWK17300CE,17-03-2022 13:48:00,37.65,38.15,35.15,36.95,723050,7577600,2022-03-17
NIFTYWK17300CE,17-03-2022 13:49:00,36.75,40.45,36.75,39.35,1264650,7577600,2022-03-17
NIFTYWK17300CE,17-03-2022 13:50:00,39.8,42.55,38.95,39.35,1328150,7577600,2022-03-17
NIFTYWK17300CE,17-03-2022 13:51:00,39.55,41.15,37.5,39.85,808500,7651600,2022-03-17
NIFTYWK17300CE,17-03-2022 13:52:00,40.2,41.85,39.45,41.85,517000,7651600,2022-03-17
NIFTYWK17300CE,17-03-2022 13:53:00,41.75,45.85,41.6,44.85,2094050,7651600,2022-03-17
NIFTYWK17300CE,17-03-2022 13:54:00,45.05,45.7,42.2,42.7,1328900,7834700,2022-03-17
NIFTYWK17300CE,17-03-2022 13:55:00,42.85,47.8,41.0,46.65,2018200,7834700,2022-03-17
NIFTYWK17300CE,17-03-2022 13:56:00,46.75,46.8,44.8,46.4,1067200,7834700,2022-03-17
NIFTYWK17300CE,17-03-2022 13:57:00,46.5,47.4,44.85,45.95,997500,7732550,2022-03-17
NIFTYWK17300CE,17-03-2022 13:58:00,46.1,49.05,45.85,46.4,1446600,7732550,2022-03-17
NIFTYWK17300CE,17-03-2022 13:59:00,46.2,46.7,42.45,42.5,921100,7732550,2022-03-17
NIFTYWK17300CE,17-03-2022 14:00:00,42.95,43.9,37.7,43.8,1530450,7593900,2022-03-17
NIFTYWK17300CE,17-03-2022 14:01:00,43.1,45.65,42.85,45.0,1036900,7593900,2022-03-17
NIFTYWK17300CE,17-03-2022 14:02:00,45.05,45.75,42.6,43.8,714400,7593900,2022-03-17
NIFTYWK17300CE,17-03-2022 14:03:00,44.5,45.65,43.25,45.55,721750,7521200,2022-03-17
NIFTYWK17300CE,17-03-2022 14:04:00,45.7,47.9,45.3,47.0,954000,7521200,2022-03-17
NIFTYWK17300CE,17-03-2022 14:05:00,47.1,49.9,47.1,48.7,1638200,7521200,2022-03-17
NIFTYWK17300CE,17-03-2022 14:06:00,48.85,53.05,47.75,52.9,1559350,7191700,2022-03-17
NIFTYWK17300CE,17-03-2022 14:07:00,53.55,57.75,53.3,56.1,2190700,7191700,2022-03-17
NIFTYWK17300CE,17-03-2022 14:08:00,56.35,61.8,56.35,59.75,2247000,7191700,2022-03-17
NIFTYWK17300CE,17-03-2022 14:09:00,59.6,59.65,55.4,56.95,1357400,6562550,2022-03-17
NIFTYWK17300CE,17-03-2022 14:10:00,57.2,59.65,51.35,52.1,1356700,6562550,2022-03-17
NIFTYWK17300CE,17-03-2022 14:11:00,52.85,53.45,44.35,47.15,1935250,6562550,2022-03-17
NIFTYWK17300CE,17-03-2022 14:12:00,46.7,47.2,41.7,42.5,1483650,6260000,2022-03-17
NIFTYWK17300CE,17-03-2022 14:13:00,42.5,42.5,33.5,33.5,2595900,6260000,2022-03-17
NIFTYWK17300CE,17-03-2022 14:14:00,33.0,41.6,33.0,38.95,2269150,6260000,2022-03-17
NIFTYWK17300CE,17-03-2022 14:15:00,39.5,41.5,36.15,39.05,1292100,6512900,2022-03-17
NIFTYWK17300CE,17-03-2022 14:16:00,38.7,40.25,36.0,39.55,1036300,6512900,2022-03-17
NIFTYWK17300CE,17-03-2022 14:17:00,39.9,39.9,37.4,38.7,616500,6512900,2022-03-17
NIFTYWK17300CE,17-03-2022 14:18:00,38.4,39.0,35.35,37.0,1112250,6507700,2022-03-17
NIFTYWK17300CE,17-03-2022 14:19:00,37.1,39.9,37.1,39.1,890250,6507700,2022-03-17
NIFTYWK17300CE,17-03-2022 14:20:00,38.75,39.45,36.6,39.45,713350,6507700,2022-03-17
NIFTYWK17300CE,17-03-2022 14:21:00,39.3,46.0,39.3,43.45,1913950,6503000,2022-03-17
NIFTYWK17300CE,17-03-2022 14:22:00,43.6,44.3,40.9,42.0,910600,6503000,2022-03-17
NIFTYWK17300CE,17-03-2022 14:23:00,41.65,43.4,40.25,40.25,786950,6503000,2022-03-17
NIFTYWK17300CE,17-03-2022 14:24:00,40.7,44.0,40.15,43.7,1069600,6640150,2022-03-17
NIFTYWK17300CE,17-03-2022 14:25:00,43.6,43.85,40.05,40.65,836150,6640150,2022-03-17
NIFTYWK17300CE,17-03-2022 14:26:00,40.65,41.3,37.35,38.85,986100,6640150,2022-03-17
NIFTYWK17300CE,17-03-2022 14:27:00,39.05,39.3,36.65,38.9,768650,6707500,2022-03-17
NIFTYWK17300CE,17-03-2022 14:28:00,39.0,46.25,38.95,46.25,1342150,6707500,2022-03-17
NIFTYWK17300CE,17-03-2022 14:29:00,46.45,46.55,42.0,42.4,1080100,6707500,2022-03-17
NIFTYWK17300CE,17-03-2022 14:30:00,42.6,45.5,42.6,45.4,866650,6585600,2022-03-17
NIFTYWK17300CE,17-03-2022 14:31:00,45.1,45.75,42.9,44.7,734550,6585600,2022-03-17
NIFTYWK17300CE,17-03-2022 14:32:00,44.8,47.95,44.2,46.2,968700,6585600,2022-03-17
NIFTYWK17300CE,17-03-2022 14:33:00,46.05,46.7,42.3,43.05,872750,6466100,2022-03-17
NIFTYWK17300CE,17-03-2022 14:34:00,43.65,46.1,42.85,45.6,717000,6466100,2022-03-17
NIFTYWK17300CE,17-03-2022 14:35:00,45.5,45.75,43.2,44.85,536400,6466100,2022-03-17
NIFTYWK17300CE,17-03-2022 14:36:00,45.3,45.55,43.55,43.6,476650,6361250,2022-03-17
NIFTYWK17300CE,17-03-2022 14:37:00,43.4,43.45,34.3,36.9,1628500,6361250,2022-03-17
NIFTYWK17300CE,17-03-2022 14:38:00,37.0,38.1,33.15,34.35,1366250,6361250,2022-03-17
NIFTYWK17300CE,17-03-2022 14:39:00,34.35,35.1,29.35,34.8,2137750,6362900,2022-03-17
NIFTYWK17300CE,17-03-2022 14:40:00,34.25,37.8,30.95,36.5,1447200,6362900,2022-03-17
NIFTYWK17300CE,17-03-2022 14:41:00,35.9,41.3,35.85,39.15,1618450,6362900,2022-03-17
NIFTYWK17300CE,17-03-2022 14:42:00,39.5,39.8,35.85,36.45,949150,6320750,2022-03-17
NIFTYWK17300CE,17-03-2022 14:43:00,36.1,37.3,32.0,33.15,1425350,6320750,2022-03-17
NIFTYWK17300CE,17-03-2022 14:44:00,33.15,34.35,31.0,32.25,1263050,6320750,2022-03-17
NIFTYWK17300CE,17-03-2022 14:45:00,32.05,33.6,30.75,31.6,1125650,6618450,2022-03-17
NIFTYWK17300CE,17-03-2022 14:46:00,31.05,31.25,21.6,24.2,3528050,6618450,2022-03-17
NIFTYWK17300CE,17-03-2022 14:47:00,23.95,24.15,19.65,24.05,3182900,6618450,2022-03-17
NIFTYWK17300CE,17-03-2022 14:48:00,24.35,27.75,21.8,25.0,2527050,7014850,2022-03-17
NIFTYWK17300CE,17-03-2022 14:49:00,25.3,25.3,20.45,21.5,2084300,7014850,2022-03-17
NIFTYWK17300CE,17-03-2022 14:50:00,21.05,21.05,16.65,20.75,3319450,7014850,2022-03-17
NIFTYWK17300CE,17-03-2022 14:51:00,20.8,22.8,19.25,21.65,2506300,7678150,2022-03-17
NIFTYWK17300CE,17-03-2022 14:52:00,21.8,24.55,20.8,22.25,2442650,7678150,2022-03-17
NIFTYWK17300CE,17-03-2022 14:53:00,23.05,27.6,22.7,25.35,2767950,7678150,2022-03-17
NIFTYWK17300CE,17-03-2022 14:54:00,25.5,25.5,21.9,23.95,1984600,7767500,2022-03-17
NIFTYWK17300CE,17-03-2022 14:55:00,24.1,24.1,17.45,22.85,2364800,7767500,2022-03-17
NIFTYWK17300CE,17-03-2022 14:56:00,22.9,24.95,21.35,22.7,1954100,7767500,2022-03-17
NIFTYWK17300CE,17-03-2022 14:57:00,22.85,29.45,21.4,25.9,2727150,7587600,2022-03-17
NIFTYWK17300CE,17-03-2022 14:58:00,25.55,26.85,22.1,26.85,1868700,7587600,2022-03-17
NIFTYWK17300CE,17-03-2022 14:59:00,26.1,30.0,25.9,28.7,2244500,7587600,2022-03-17
NIFTYWK17300CE,17-03-2022 15:00:00,28.7,29.3,19.9,23.15,3752550,7378250,2022-03-17
NIFTYWK17300CE,17-03-2022 15:01:00,24.1,25.5,11.0,11.0,4175700,7378250,2022-03-17
NIFTYWK17300CE,17-03-2022 15:02:00,10.8,16.2,10.0,11.4,4937950,7378250,2022-03-17
NIFTYWK17300CE,17-03-2022 15:03:00,11.1,13.7,8.15,13.05,4812850,7822950,2022-03-17
NIFTYWK17300CE,17-03-2022 15:04:00,14.55,15.85,11.1,13.8,3849450,7822950,2022-03-17
NIFTYWK17300CE,17-03-2022 15:05:00,13.9,14.4,6.85,6.85,4666650,7822950,2022-03-17
NIFTYWK17300CE,17-03-2022 15:06:00,6.8,10.4,6.8,9.55,4822500,8316750,2022-03-17
NIFTYWK17300CE,17-03-2022 15:07:00,9.95,10.25,5.3,6.35,4387100,8316750,2022-03-17
NIFTYWK17300CE,17-03-2022 15:08:00,6.55,7.0,5.5,5.7,4211150,8316750,2022-03-17
NIFTYWK17300CE,17-03-2022 15:09:00,5.55,6.15,4.0,4.05,5129150,8778650,2022-03-17
NIFTYWK17300CE,17-03-2022 15:10:00,4.0,4.2,3.0,3.15,7291750,8778650,2022-03-17
NIFTYWK17300CE,17-03-2022 15:11:00,3.1,3.1,1.5,1.6,6078600,8778650,2022-03-17
NIFTYWK17300CE,17-03-2022 15:12:00,1.5,3.3,1.5,3.3,4860350,8778650,2022-03-17
NIFTYWK17300CE,17-03-2022 15:13:00,3.45,3.85,1.8,2.85,6239100,9267900,2022-03-17
NIFTYWK17300CE,17-03-2022 15:14:00,3.0,3.05,1.5,1.85,4556850,9267900,2022-03-17
NIFTYWK17300CE,17-03-2022 15:15:00,1.8,1.95,1.05,1.85,3967500,9711050,2022-03-17
NIFTYWK17300CE,17-03-2022 15:16:00,1.9,2.5,1.3,1.75,4413000,9711050,2022-03-17
NIFTYWK17300CE,17-03-2022 15:17:00,1.7,2.15,1.4,1.55,3534100,9711050,2022-03-17
NIFTYWK17300CE,17-03-2022 15:18:00,1.55,1.55,1.0,1.5,4013500,10039600,2022-03-17
NIFTYWK17300CE,17-03-2022 15:19:00,1.5,2.2,1.05,1.25,5425850,10039600,2022-03-17
NIFTYWK17300CE,17-03-2022 15:20:00,1.25,2.25,1.25,1.65,4629950,10039600,2022-03-17
NIFTYWK17300CE,17-03-2022 15:21:00,1.65,1.9,1.0,1.0,5405150,10929550,2022-03-17
NIFTYWK17300CE,17-03-2022 15:22:00,0.8,0.9,0.5,0.6,3868350,10929550,2022-03-17
NIFTYWK17300CE,17-03-2022 15:23:00,0.65,0.85,0.5,0.5,2329850,10929550,2022-03-17
NIFTYWK17300CE,17-03-2022 15:24:00,0.5,0.55,0.15,0.15,3685850,10235800,2022-03-17
NIFTYWK17300CE,17-03-2022 15:25:00,0.15,0.2,0.1,0.15,3144600,10235800,2022-03-17
NIFTYWK17300CE,17-03-2022 15:26:00,0.15,0.15,0.05,0.05,2570700,10235800,2022-03-17
NIFTYWK17300CE,17-03-2022 15:27:00,0.1,0.1,0.05,0.05,1069100,10235800,2022-03-17
NIFTYWK17300CE,17-03-2022 15:28:00,0.05,0.1,0.05,0.05,1042800,8466750,2022-03-17
NIFTYWK17300CE,17-03-2022 15:29:00,0.05,0.05,0.05,0.05,506550,8466750,2022-03-17
