Ticker,Date/Time,Open,High,Low,Close,Volume,Open Interest,Date
NIFTYWK17850PE,21-09-2022 09:15:00,148.0,159.8,122.2,126.6,381450,810200,2022-09-21
NIFTYWK17850PE,21-09-2022 09:16:00,123.3,129.75,123.1,128.7,388600,810200,2022-09-21
NIFTYWK17850PE,21-09-2022 09:17:00,129.7,146.7,127.9,146.7,331500,986100,2022-09-21
NIFTYWK17850PE,21-09-2022 09:18:00,148.25,151.3,146.1,146.25,295600,986100,2022-09-21
NIFTYWK17850PE,21-09-2022 09:19:00,145.45,146.6,137.95,145.2,153150,986100,2022-09-21
NIFTYWK17850PE,21-09-2022 09:20:00,143.45,143.45,125.65,127.5,194900,940450,2022-09-21
NIFTYWK17850PE,21-09-2022 09:21:00,130.25,134.55,128.0,134.55,227750,940450,2022-09-21
NIFTYWK17850PE,21-09-2022 09:22:00,134.0,134.75,129.85,133.8,120000,940450,2022-09-21
NIFTYWK17850PE,21-09-2022 09:23:00,134.3,140.15,134.3,136.35,121750,1085300,2022-09-21
NIFTYWK17850PE,21-09-2022 09:24:00,135.65,138.15,132.6,133.3,82150,1085300,2022-09-21
NIFTYWK17850PE,21-09-2022 09:25:00,133.15,137.95,133.05,136.0,96650,1085300,2022-09-21
NIFTYWK17850PE,21-09-2022 09:26:00,135.2,135.5,124.75,124.75,132800,1128300,2022-09-21
NIFTYWK17850PE,21-09-2022 09:27:00,123.3,126.9,117.05,125.75,276950,1128300,2022-09-21
NIFTYWK17850PE,21-09-2022 09:28:00,124.9,128.6,124.8,126.4,155850,1128300,2022-09-21
NIFTYWK17850PE,21-09-2022 09:29:00,124.55,124.75,119.4,122.75,160450,1229950,2022-09-21
NIFTYWK17850PE,21-09-2022 09:30:00,121.95,126.75,120.15,124.85,264650,1229950,2022-09-21
NIFTYWK17850PE,21-09-2022 09:31:00,124.45,126.5,121.9,126.05,111950,1229950,2022-09-21
NIFTYWK17850PE,21-09-2022 09:32:00,125.55,132.0,125.55,131.3,143850,1365250,2022-09-21
NIFTYWK17850PE,21-09-2022 09:33:00,130.2,130.75,124.4,125.0,139250,1365250,2022-09-21
NIFTYWK17850PE,21-09-2022 09:34:00,124.8,125.05,120.6,123.85,113050,1365250,2022-09-21
NIFTYWK17850PE,21-09-2022 09:35:00,123.7,136.25,123.7,136.25,211200,1410650,2022-09-21
NIFTYWK17850PE,21-09-2022 09:36:00,138.45,141.7,132.25,134.1,299750,1410650,2022-09-21
NIFTYWK17850PE,21-09-2022 09:37:00,133.95,135.65,127.3,133.6,154950,1410650,2022-09-21
NIFTYWK17850PE,21-09-2022 09:38:00,133.6,135.6,131.1,134.1,103450,1429850,2022-09-21
NIFTYWK17850PE,21-09-2022 09:39:00,134.2,136.85,132.6,136.55,87450,1429850,2022-09-21
NIFTYWK17850PE,21-09-2022 09:40:00,137.0,140.5,134.0,135.0,182400,1429850,2022-09-21
NIFTYWK17850PE,21-09-2022 09:41:00,135.8,136.95,132.85,133.0,67900,1447350,2022-09-21
NIFTYWK17850PE,21-09-2022 09:42:00,132.3,140.15,131.45,139.7,74400,1447350,2022-09-21
NIFTYWK17850PE,21-09-2022 09:43:00,140.7,145.4,140.35,143.45,224700,1447350,2022-09-21
NIFTYWK17850PE,21-09-2022 09:44:00,143.45,148.2,143.25,144.8,178950,1425300,2022-09-21
NIFTYWK17850PE,21-09-2022 09:45:00,143.6,152.9,143.2,152.8,225850,1425300,2022-09-21
NIFTYWK17850PE,21-09-2022 09:46:00,153.85,156.25,145.3,150.95,297550,1425300,2022-09-21
NIFTYWK17850PE,21-09-2022 09:47:00,152.1,160.5,151.45,159.8,207300,1282850,2022-09-21
NIFTYWK17850PE,21-09-2022 09:48:00,162.0,163.45,158.4,159.25,269250,1282850,2022-09-21
NIFTYWK17850PE,21-09-2022 09:49:00,159.4,161.35,152.1,156.65,159400,1282850,2022-09-21
NIFTYWK17850PE,21-09-2022 09:50:00,156.7,169.2,156.7,164.15,226500,1228200,2022-09-21
NIFTYWK17850PE,21-09-2022 09:51:00,165.4,167.8,157.8,159.2,164000,1228200,2022-09-21
NIFTYWK17850PE,21-09-2022 09:52:00,160.35,162.5,149.55,149.55,146800,1228200,2022-09-21
NIFTYWK17850PE,21-09-2022 09:53:00,149.05,152.8,143.9,149.4,121400,1202550,2022-09-21
NIFTYWK17850PE,21-09-2022 09:54:00,149.45,160.45,149.3,160.45,112050,1202550,2022-09-21
NIFTYWK17850PE,21-09-2022 09:55:00,161.15,162.9,155.15,158.9,118800,1202550,2022-09-21
NIFTYWK17850PE,21-09-2022 09:56:00,158.85,160.0,150.3,150.3,75450,1217350,2022-09-21
NIFTYWK17850PE,21-09-2022 09:57:00,150.0,158.25,149.25,158.25,59500,1217350,2022-09-21
NIFTYWK17850PE,21-09-2022 09:58:00,157.7,159.5,154.7,155.9,54550,1217350,2022-09-21
NIFTYWK17850PE,21-09-2022 09:59:00,156.0,159.0,154.55,157.6,56750,1223800,2022-09-21
NIFTYWK17850PE,21-09-2022 10:00:00,158.05,167.6,157.8,166.6,145350,1223800,2022-09-21
NIFTYWK17850PE,21-09-2022 10:01:00,167.25,175.0,163.65,172.5,230550,1223800,2022-09-21
NIFTYWK17850PE,21-09-2022 10:02:00,172.85,173.65,166.6,172.55,123400,1155650,2022-09-21
NIFTYWK17850PE,21-09-2022 10:03:00,173.0,174.4,169.2,170.7,100300,1155650,2022-09-21
NIFTYWK17850PE,21-09-2022 10:04:00,170.0,172.65,166.2,171.45,65950,1155650,2022-09-21
NIFTYWK17850PE,21-09-2022 10:05:00,172.95,173.7,169.4,173.5,80350,1133650,2022-09-21
NIFTYWK17850PE,21-09-2022 10:06:00,174.4,180.0,167.45,168.8,186000,1133650,2022-09-21
NIFTYWK17850PE,21-09-2022 10:07:00,169.5,173.15,164.25,172.35,78100,1133650,2022-09-21
NIFTYWK17850PE,21-09-2022 10:08:00,173.5,173.5,164.55,166.05,58850,1108800,2022-09-21
NIFTYWK17850PE,21-09-2022 10:09:00,166.5,167.0,157.65,157.75,85400,1108800,2022-09-21
NIFTYWK17850PE,21-09-2022 10:10:00,156.85,158.2,144.45,151.55,170400,1108800,2022-09-21
NIFTYWK17850PE,21-09-2022 10:11:00,151.4,151.4,146.3,149.0,94800,1121200,2022-09-21
NIFTYWK17850PE,21-09-2022 10:12:00,148.5,153.5,146.95,153.2,73750,1121200,2022-09-21
NIFTYWK17850PE,21-09-2022 10:13:00,153.5,154.55,146.85,146.85,73000,1121200,2022-09-21
NIFTYWK17850PE,21-09-2022 10:14:00,146.6,147.7,142.1,145.2,100450,1129750,2022-09-21
NIFTYWK17850PE,21-09-2022 10:15:00,145.0,145.0,135.65,139.2,146150,1129750,2022-09-21
NIFTYWK17850PE,21-09-2022 10:16:00,138.55,143.0,137.1,142.3,81950,1129750,2022-09-21
NIFTYWK17850PE,21-09-2022 10:17:00,141.95,150.2,140.8,148.2,123500,1156000,2022-09-21
NIFTYWK17850PE,21-09-2022 10:18:00,147.85,147.85,144.45,146.85,44800,1156000,2022-09-21
NIFTYWK17850PE,21-09-2022 10:19:00,146.85,152.8,146.85,148.5,65350,1156000,2022-09-21
NIFTYWK17850PE,21-09-2022 10:20:00,148.25,153.5,145.85,153.05,76450,1176350,2022-09-21
NIFTYWK17850PE,21-09-2022 10:21:00,153.0,154.05,145.75,145.75,76100,1176350,2022-09-21
NIFTYWK17850PE,21-09-2022 10:22:00,145.9,146.35,142.5,145.0,54650,1176350,2022-09-21
NIFTYWK17850PE,21-09-2022 10:23:00,144.95,146.6,141.3,143.05,44750,1184650,2022-09-21
NIFTYWK17850PE,21-09-2022 10:24:00,142.65,142.65,138.3,139.7,107100,1184650,2022-09-21
NIFTYWK17850PE,21-09-2022 10:25:00,139.9,140.3,136.45,138.4,66700,1184650,2022-09-21
NIFTYWK17850PE,21-09-2022 10:26:00,138.3,139.4,134.05,137.65,98500,1187100,2022-09-21
NIFTYWK17850PE,21-09-2022 10:27:00,137.7,143.0,137.2,142.85,68050,1187100,2022-09-21
NIFTYWK17850PE,21-09-2022 10:28:00,143.1,143.35,140.55,141.15,55000,1187100,2022-09-21
NIFTYWK17850PE,21-09-2022 10:29:00,139.55,140.65,135.65,137.35,50150,1203600,2022-09-21
NIFTYWK17850PE,21-09-2022 10:30:00,135.6,137.7,131.35,132.2,113350,1203600,2022-09-21
NIFTYWK17850PE,21-09-2022 10:31:00,131.6,136.95,130.0,136.0,131050,1203600,2022-09-21
NIFTYWK17850PE,21-09-2022 10:32:00,135.6,136.0,133.4,135.1,60550,1184550,2022-09-21
NIFTYWK17850PE,21-09-2022 10:33:00,135.3,136.2,132.3,136.2,38400,1184550,2022-09-21
NIFTYWK17850PE,21-09-2022 10:34:00,136.1,137.25,132.8,132.8,65150,1184550,2022-09-21
NIFTYWK17850PE,21-09-2022 10:35:00,131.9,133.35,127.4,129.55,125900,1205500,2022-09-21
NIFTYWK17850PE,21-09-2022 10:36:00,129.4,131.0,127.0,127.55,120250,1205500,2022-09-21
NIFTYWK17850PE,21-09-2022 10:37:00,126.7,135.15,126.7,133.55,98500,1205500,2022-09-21
NIFTYWK17850PE,21-09-2022 10:38:00,132.9,137.35,130.5,137.25,88400,1240000,2022-09-21
NIFTYWK17850PE,21-09-2022 10:39:00,137.1,139.95,133.9,139.95,86000,1240000,2022-09-21
NIFTYWK17850PE,21-09-2022 10:40:00,139.95,144.15,138.65,143.6,172000,1240000,2022-09-21
NIFTYWK17850PE,21-09-2022 10:41:00,143.95,144.7,139.75,144.15,78750,1265050,2022-09-21
NIFTYWK17850PE,21-09-2022 10:42:00,144.25,145.1,139.45,141.15,69950,1265050,2022-09-21
NIFTYWK17850PE,21-09-2022 10:43:00,140.9,140.9,133.25,137.7,87450,1265050,2022-09-21
NIFTYWK17850PE,21-09-2022 10:44:00,138.2,141.75,137.55,140.95,63300,1258850,2022-09-21
NIFTYWK17850PE,21-09-2022 10:45:00,141.2,142.35,137.35,142.35,61900,1258850,2022-09-21
NIFTYWK17850PE,21-09-2022 10:46:00,142.25,142.4,137.95,140.0,57350,1258850,2022-09-21
NIFTYWK17850PE,21-09-2022 10:47:00,138.75,142.25,137.5,139.35,48900,1265350,2022-09-21
NIFTYWK17850PE,21-09-2022 10:48:00,139.0,140.0,134.35,134.5,40250,1265350,2022-09-21
NIFTYWK17850PE,21-09-2022 10:49:00,133.75,135.5,132.45,134.35,60700,1265350,2022-09-21
NIFTYWK17850PE,21-09-2022 10:50:00,133.75,135.0,131.6,133.5,47500,1287250,2022-09-21
NIFTYWK17850PE,21-09-2022 10:51:00,133.6,134.9,132.0,133.3,37950,1287250,2022-09-21
NIFTYWK17850PE,21-09-2022 10:52:00,133.6,134.0,131.3,131.9,34150,1287250,2022-09-21
NIFTYWK17850PE,21-09-2022 10:53:00,132.25,132.25,127.5,130.25,83950,1292300,2022-09-21
NIFTYWK17850PE,21-09-2022 10:54:00,129.8,133.7,128.75,131.55,49100,1292300,2022-09-21
NIFTYWK17850PE,21-09-2022 10:55:00,132.0,134.5,130.75,133.9,46450,1292300,2022-09-21
NIFTYWK17850PE,21-09-2022 10:56:00,134.45,136.0,133.35,134.0,39550,1292350,2022-09-21
NIFTYWK17850PE,21-09-2022 10:57:00,134.65,134.65,131.3,133.35,34550,1292350,2022-09-21
NIFTYWK17850PE,21-09-2022 10:58:00,133.6,137.9,132.5,136.65,60600,1292350,2022-09-21
NIFTYWK17850PE,21-09-2022 10:59:00,136.65,136.65,131.1,131.7,41350,1297950,2022-09-21
NIFTYWK17850PE,21-09-2022 11:00:00,131.5,133.0,130.65,132.05,44500,1297950,2022-09-21
NIFTYWK17850PE,21-09-2022 11:01:00,131.8,139.0,130.75,137.85,69200,1297950,2022-09-21
NIFTYWK17850PE,21-09-2022 11:02:00,137.85,137.85,132.9,132.9,44150,1291850,2022-09-21
NIFTYWK17850PE,21-09-2022 11:03:00,132.9,134.45,131.8,133.0,39900,1291850,2022-09-21
NIFTYWK17850PE,21-09-2022 11:04:00,132.25,133.15,130.95,131.35,39000,1291850,2022-09-21
NIFTYWK17850PE,21-09-2022 11:05:00,132.25,135.45,130.65,132.0,44750,1298400,2022-09-21
NIFTYWK17850PE,21-09-2022 11:06:00,131.9,135.45,131.85,133.7,28150,1298400,2022-09-21
NIFTYWK17850PE,21-09-2022 11:07:00,133.55,136.75,133.55,135.25,34800,1298400,2022-09-21
NIFTYWK17850PE,21-09-2022 11:08:00,134.8,135.4,132.45,135.25,30200,1299000,2022-09-21
NIFTYWK17850PE,21-09-2022 11:09:00,135.45,135.45,133.65,133.75,22800,1299000,2022-09-21
NIFTYWK17850PE,21-09-2022 11:10:00,134.2,139.35,133.65,137.65,73150,1299000,2022-09-21
NIFTYWK17850PE,21-09-2022 11:11:00,138.5,140.15,137.85,139.6,78200,1302050,2022-09-21
NIFTYWK17850PE,21-09-2022 11:12:00,139.85,139.85,132.45,132.6,76850,1302050,2022-09-21
NIFTYWK17850PE,21-09-2022 11:13:00,132.8,134.25,132.1,133.15,38850,1302050,2022-09-21
NIFTYWK17850PE,21-09-2022 11:14:00,133.8,136.5,132.95,134.9,30000,1298000,2022-09-21
NIFTYWK17850PE,21-09-2022 11:15:00,135.05,138.2,134.3,135.9,52150,1298000,2022-09-21
NIFTYWK17850PE,21-09-2022 11:16:00,135.85,138.7,134.0,134.1,35300,1298000,2022-09-21
NIFTYWK17850PE,21-09-2022 11:17:00,133.95,134.1,131.3,131.7,40450,1301300,2022-09-21
NIFTYWK17850PE,21-09-2022 11:18:00,131.1,133.15,130.85,131.05,39550,1301300,2022-09-21
NIFTYWK17850PE,21-09-2022 11:19:00,131.05,132.6,130.0,131.0,49400,1301300,2022-09-21
NIFTYWK17850PE,21-09-2022 11:20:00,130.95,133.2,130.85,132.15,32300,1296600,2022-09-21
NIFTYWK17850PE,21-09-2022 11:21:00,132.0,133.65,131.75,132.1,26850,1296600,2022-09-21
NIFTYWK17850PE,21-09-2022 11:22:00,132.45,132.95,130.55,131.25,21700,1296600,2022-09-21
NIFTYWK17850PE,21-09-2022 11:23:00,130.75,135.35,130.7,135.35,40150,1298900,2022-09-21
NIFTYWK17850PE,21-09-2022 11:24:00,135.4,137.6,134.0,137.05,51100,1298900,2022-09-21
NIFTYWK17850PE,21-09-2022 11:25:00,136.85,140.45,135.0,140.45,73700,1298900,2022-09-21
NIFTYWK17850PE,21-09-2022 11:26:00,140.1,146.5,140.1,146.5,136250,1284100,2022-09-21
NIFTYWK17850PE,21-09-2022 11:27:00,146.35,151.0,145.15,151.0,158800,1284100,2022-09-21
NIFTYWK17850PE,21-09-2022 11:28:00,149.75,153.6,147.6,152.3,198400,1284100,2022-09-21
NIFTYWK17850PE,21-09-2022 11:29:00,152.85,153.0,148.45,152.3,75050,1253500,2022-09-21
NIFTYWK17850PE,21-09-2022 11:30:00,152.7,157.8,152.55,157.8,141200,1253500,2022-09-21
NIFTYWK17850PE,21-09-2022 11:31:00,158.0,158.0,149.1,153.0,96400,1253500,2022-09-21
NIFTYWK17850PE,21-09-2022 11:32:00,153.95,157.4,153.95,155.4,86950,1216950,2022-09-21
NIFTYWK17850PE,21-09-2022 11:33:00,156.4,157.6,151.5,155.5,105850,1216950,2022-09-21
NIFTYWK17850PE,21-09-2022 11:34:00,154.4,159.75,151.9,152.0,180100,1216950,2022-09-21
NIFTYWK17850PE,21-09-2022 11:35:00,152.0,152.2,145.45,150.8,107200,1139300,2022-09-21
NIFTYWK17850PE,21-09-2022 11:36:00,151.0,156.7,149.3,154.4,71150,1139300,2022-09-21
NIFTYWK17850PE,21-09-2022 11:37:00,154.7,156.7,152.4,152.55,39400,1139300,2022-09-21
NIFTYWK17850PE,21-09-2022 11:38:00,152.2,154.9,148.0,150.45,48850,1125050,2022-09-21
NIFTYWK17850PE,21-09-2022 11:39:00,151.2,154.8,149.4,153.75,50450,1125050,2022-09-21
NIFTYWK17850PE,21-09-2022 11:40:00,153.85,153.85,149.3,150.15,61000,1125050,2022-09-21
NIFTYWK17850PE,21-09-2022 11:41:00,150.25,158.75,150.25,158.4,86950,1110150,2022-09-21
NIFTYWK17850PE,21-09-2022 11:42:00,158.4,162.5,155.25,162.5,89200,1110150,2022-09-21
NIFTYWK17850PE,21-09-2022 11:43:00,162.35,167.4,160.65,165.6,216950,1110150,2022-09-21
NIFTYWK17850PE,21-09-2022 11:44:00,166.0,168.75,163.9,164.95,107100,1002200,2022-09-21
NIFTYWK17850PE,21-09-2022 11:45:00,166.0,172.8,158.3,172.55,198900,1002200,2022-09-21
NIFTYWK17850PE,21-09-2022 11:46:00,172.75,174.6,166.1,167.9,125000,1002200,2022-09-21
NIFTYWK17850PE,21-09-2022 11:47:00,167.5,169.6,163.5,163.5,64750,986850,2022-09-21
NIFTYWK17850PE,21-09-2022 11:48:00,164.2,167.0,163.4,166.0,38400,986850,2022-09-21
NIFTYWK17850PE,21-09-2022 11:49:00,166.3,167.1,163.4,165.0,38250,986850,2022-09-21
NIFTYWK17850PE,21-09-2022 11:50:00,164.95,173.4,158.55,170.7,112850,996200,2022-09-21
NIFTYWK17850PE,21-09-2022 11:51:00,172.35,190.0,172.15,184.05,380700,996200,2022-09-21
NIFTYWK17850PE,21-09-2022 11:52:00,184.6,185.85,178.0,182.55,124850,996200,2022-09-21
NIFTYWK17850PE,21-09-2022 11:53:00,182.9,185.65,182.45,183.55,97100,996200,2022-09-21
NIFTYWK17850PE,21-09-2022 11:54:00,184.05,194.2,183.1,191.5,152100,963950,2022-09-21
NIFTYWK17850PE,21-09-2022 11:55:00,191.8,196.95,187.7,195.3,165750,963950,2022-09-21
NIFTYWK17850PE,21-09-2022 11:56:00,196.45,200.5,196.15,197.4,157950,963950,2022-09-21
NIFTYWK17850PE,21-09-2022 11:57:00,196.5,199.35,192.25,195.9,100800,856600,2022-09-21
NIFTYWK17850PE,21-09-2022 11:58:00,195.65,196.0,191.05,195.3,103850,856600,2022-09-21
NIFTYWK17850PE,21-09-2022 11:59:00,195.9,209.95,194.3,209.2,164500,856600,2022-09-21
NIFTYWK17850PE,21-09-2022 12:00:00,209.9,217.45,208.2,213.8,181650,853950,2022-09-21
NIFTYWK17850PE,21-09-2022 12:01:00,213.15,223.6,213.15,221.55,148500,853950,2022-09-21
NIFTYWK17850PE,21-09-2022 12:02:00,222.35,228.85,217.7,222.95,132500,853950,2022-09-21
NIFTYWK17850PE,21-09-2022 12:03:00,224.6,224.6,214.05,214.85,102050,770850,2022-09-21
NIFTYWK17850PE,21-09-2022 12:04:00,214.55,221.85,210.65,221.85,75550,770850,2022-09-21
NIFTYWK17850PE,21-09-2022 12:05:00,222.2,224.65,213.4,213.4,71950,770850,2022-09-21
NIFTYWK17850PE,21-09-2022 12:06:00,214.6,218.4,212.05,218.15,31950,716800,2022-09-21
NIFTYWK17850PE,21-09-2022 12:07:00,218.4,223.3,217.4,217.9,32850,716800,2022-09-21
NIFTYWK17850PE,21-09-2022 12:08:00,218.15,234.45,218.15,230.85,90900,716800,2022-09-21
NIFTYWK17850PE,21-09-2022 12:09:00,231.7,236.05,229.15,236.0,76400,711800,2022-09-21
NIFTYWK17850PE,21-09-2022 12:10:00,236.05,236.1,221.0,229.0,57900,711800,2022-09-21
NIFTYWK17850PE,21-09-2022 12:11:00,229.85,235.3,225.65,235.3,37650,711800,2022-09-21
NIFTYWK17850PE,21-09-2022 12:12:00,235.15,237.8,226.1,227.05,60150,679000,2022-09-21
NIFTYWK17850PE,21-09-2022 12:13:00,228.2,229.25,220.9,221.55,40750,679000,2022-09-21
NIFTYWK17850PE,21-09-2022 12:14:00,221.8,222.25,215.0,217.7,43550,679000,2022-09-21
NIFTYWK17850PE,21-09-2022 12:15:00,216.8,223.65,210.6,223.6,56100,650000,2022-09-21
NIFTYWK17850PE,21-09-2022 12:16:00,222.6,222.6,217.65,221.0,31300,650000,2022-09-21
NIFTYWK17850PE,21-09-2022 12:17:00,221.2,225.95,219.1,221.9,30700,650000,2022-09-21
NIFTYWK17850PE,21-09-2022 12:18:00,222.4,223.1,213.0,213.0,33650,648300,2022-09-21
NIFTYWK17850PE,21-09-2022 12:19:00,212.75,213.6,203.9,209.0,57050,648300,2022-09-21
NIFTYWK17850PE,21-09-2022 12:20:00,209.55,218.55,209.45,215.75,33850,648300,2022-09-21
NIFTYWK17850PE,21-09-2022 12:21:00,216.8,221.0,215.35,220.0,30550,644400,2022-09-21
NIFTYWK17850PE,21-09-2022 12:22:00,219.05,222.25,212.4,220.0,33550,644400,2022-09-21
NIFTYWK17850PE,21-09-2022 12:23:00,220.05,224.9,219.7,222.2,24800,644400,2022-09-21
NIFTYWK17850PE,21-09-2022 12:24:00,222.2,231.35,220.9,229.7,55550,644200,2022-09-21
NIFTYWK17850PE,21-09-2022 12:25:00,229.3,231.05,225.8,229.3,27150,644200,2022-09-21
NIFTYWK17850PE,21-09-2022 12:26:00,230.15,234.2,226.6,227.2,47150,644200,2022-09-21
NIFTYWK17850PE,21-09-2022 12:27:00,226.0,235.4,225.9,234.05,25750,641500,2022-09-21
NIFTYWK17850PE,21-09-2022 12:28:00,235.0,243.95,231.75,240.0,53000,641500,2022-09-21
NIFTYWK17850PE,21-09-2022 12:29:00,239.55,241.15,227.0,227.0,68350,641500,2022-09-21
NIFTYWK17850PE,21-09-2022 12:30:00,225.95,236.1,225.95,235.2,35650,617300,2022-09-21
NIFTYWK17850PE,21-09-2022 12:31:00,234.5,234.5,224.2,227.65,24500,617300,2022-09-21
NIFTYWK17850PE,21-09-2022 12:32:00,227.4,228.2,218.55,227.0,31200,617300,2022-09-21
NIFTYWK17850PE,21-09-2022 12:33:00,225.5,232.3,223.8,232.0,24600,608600,2022-09-21
NIFTYWK17850PE,21-09-2022 12:34:00,232.0,235.0,229.1,233.65,17600,608600,2022-09-21
NIFTYWK17850PE,21-09-2022 12:35:00,233.6,236.1,230.0,235.6,14600,608600,2022-09-21
NIFTYWK17850PE,21-09-2022 12:36:00,236.95,242.15,236.65,239.35,21200,603650,2022-09-21
NIFTYWK17850PE,21-09-2022 12:37:00,238.2,238.65,228.7,232.7,22150,603650,2022-09-21
NIFTYWK17850PE,21-09-2022 12:38:00,233.4,234.9,229.55,231.15,8400,603650,2022-09-21
NIFTYWK17850PE,21-09-2022 12:39:00,230.8,230.8,222.35,222.35,21100,601600,2022-09-21
NIFTYWK17850PE,21-09-2022 12:40:00,222.35,229.35,220.55,226.15,15450,601600,2022-09-21
NIFTYWK17850PE,21-09-2022 12:41:00,226.8,228.55,219.15,219.7,17300,601600,2022-09-21
NIFTYWK17850PE,21-09-2022 12:42:00,219.5,224.3,212.35,215.85,26850,601100,2022-09-21
NIFTYWK17850PE,21-09-2022 12:43:00,216.45,217.5,204.1,205.2,40450,601100,2022-09-21
NIFTYWK17850PE,21-09-2022 12:44:00,204.7,208.75,195.85,200.0,42900,601100,2022-09-21
NIFTYWK17850PE,21-09-2022 12:45:00,200.85,203.55,188.45,192.5,68300,595350,2022-09-21
NIFTYWK17850PE,21-09-2022 12:46:00,190.95,193.3,186.45,186.45,44900,595350,2022-09-21
NIFTYWK17850PE,21-09-2022 12:47:00,188.35,194.35,186.0,188.05,50350,595350,2022-09-21
NIFTYWK17850PE,21-09-2022 12:48:00,188.35,188.35,181.95,183.9,44750,608050,2022-09-21
NIFTYWK17850PE,21-09-2022 12:49:00,183.9,190.1,183.9,188.4,53400,608050,2022-09-21
NIFTYWK17850PE,21-09-2022 12:50:00,188.4,193.25,184.15,187.7,42450,608050,2022-09-21
NIFTYWK17850PE,21-09-2022 12:51:00,187.5,194.0,187.35,193.45,22050,609850,2022-09-21
NIFTYWK17850PE,21-09-2022 12:52:00,193.55,195.25,188.0,195.25,21650,609850,2022-09-21
NIFTYWK17850PE,21-09-2022 12:53:00,194.85,195.0,185.65,187.6,30700,609850,2022-09-21
NIFTYWK17850PE,21-09-2022 12:54:00,186.6,193.65,185.45,190.4,26750,610500,2022-09-21
NIFTYWK17850PE,21-09-2022 12:55:00,190.3,191.25,182.45,184.05,31500,610500,2022-09-21
NIFTYWK17850PE,21-09-2022 12:56:00,184.05,188.0,180.5,180.85,43550,610500,2022-09-21
NIFTYWK17850PE,21-09-2022 12:57:00,179.55,179.85,175.15,175.15,42000,608400,2022-09-21
NIFTYWK17850PE,21-09-2022 12:58:00,174.05,179.25,173.0,177.0,52850,608400,2022-09-21
NIFTYWK17850PE,21-09-2022 12:59:00,176.0,180.65,174.0,180.0,33700,608400,2022-09-21
NIFTYWK17850PE,21-09-2022 13:00:00,178.55,187.0,177.95,182.95,45250,614250,2022-09-21
NIFTYWK17850PE,21-09-2022 13:01:00,182.5,185.75,180.2,182.65,29400,614250,2022-09-21
NIFTYWK17850PE,21-09-2022 13:02:00,183.3,190.5,183.3,190.5,30800,614250,2022-09-21
NIFTYWK17850PE,21-09-2022 13:03:00,189.7,193.55,186.95,189.05,33500,606900,2022-09-21
NIFTYWK17850PE,21-09-2022 13:04:00,189.25,192.0,187.4,190.95,30300,606900,2022-09-21
NIFTYWK17850PE,21-09-2022 13:05:00,189.55,194.05,185.6,188.5,35300,606900,2022-09-21
NIFTYWK17850PE,21-09-2022 13:06:00,189.0,191.9,186.2,190.7,24600,611800,2022-09-21
NIFTYWK17850PE,21-09-2022 13:07:00,191.1,197.25,189.0,196.25,30350,611800,2022-09-21
NIFTYWK17850PE,21-09-2022 13:08:00,196.15,201.05,194.5,197.2,46750,611800,2022-09-21
NIFTYWK17850PE,21-09-2022 13:09:00,195.55,199.7,191.0,199.0,24650,614900,2022-09-21
NIFTYWK17850PE,21-09-2022 13:10:00,198.8,199.85,195.0,199.0,28850,614900,2022-09-21
NIFTYWK17850PE,21-09-2022 13:11:00,198.65,203.05,198.65,200.15,43150,614900,2022-09-21
NIFTYWK17850PE,21-09-2022 13:12:00,200.7,204.9,198.7,202.4,20150,611000,2022-09-21
NIFTYWK17850PE,21-09-2022 13:13:00,201.4,203.1,195.5,201.75,32500,611000,2022-09-21
NIFTYWK17850PE,21-09-2022 13:14:00,201.9,201.9,195.75,197.65,23000,611000,2022-09-21
NIFTYWK17850PE,21-09-2022 13:15:00,198.05,198.15,186.65,188.0,58400,616000,2022-09-21
NIFTYWK17850PE,21-09-2022 13:16:00,187.0,190.35,183.25,190.35,30100,616000,2022-09-21
NIFTYWK17850PE,21-09-2022 13:17:00,190.65,194.9,190.25,193.85,18750,616000,2022-09-21
NIFTYWK17850PE,21-09-2022 13:18:00,194.45,194.55,186.0,187.9,32700,594600,2022-09-21
NIFTYWK17850PE,21-09-2022 13:19:00,186.65,192.65,186.05,192.05,20250,594600,2022-09-21
NIFTYWK17850PE,21-09-2022 13:20:00,191.8,191.8,183.8,189.75,22300,594600,2022-09-21
NIFTYWK17850PE,21-09-2022 13:21:00,189.95,190.05,184.3,185.4,22400,585750,2022-09-21
NIFTYWK17850PE,21-09-2022 13:22:00,185.4,187.65,184.5,187.15,12300,585750,2022-09-21
NIFTYWK17850PE,21-09-2022 13:23:00,185.9,189.5,183.95,188.8,16500,585750,2022-09-21
NIFTYWK17850PE,21-09-2022 13:24:00,187.7,193.55,185.25,193.55,25800,582850,2022-09-21
NIFTYWK17850PE,21-09-2022 13:25:00,192.85,199.15,192.75,195.55,35050,582850,2022-09-21
NIFTYWK17850PE,21-09-2022 13:26:00,194.95,197.65,189.45,197.65,17600,582850,2022-09-21
NIFTYWK17850PE,21-09-2022 13:27:00,197.15,198.35,193.2,194.95,21950,580750,2022-09-21
NIFTYWK17850PE,21-09-2022 13:28:00,194.75,194.75,189.8,190.25,17300,580750,2022-09-21
NIFTYWK17850PE,21-09-2022 13:29:00,189.0,192.65,187.6,188.6,15750,580750,2022-09-21
NIFTYWK17850PE,21-09-2022 13:30:00,188.6,193.75,185.3,193.3,24800,583150,2022-09-21
NIFTYWK17850PE,21-09-2022 13:31:00,193.85,193.85,187.5,188.7,12900,583150,2022-09-21
NIFTYWK17850PE,21-09-2022 13:32:00,186.25,191.55,183.5,186.5,20900,583150,2022-09-21
NIFTYWK17850PE,21-09-2022 13:33:00,187.25,190.0,185.05,189.5,16050,585500,2022-09-21
NIFTYWK17850PE,21-09-2022 13:34:00,188.9,189.2,180.5,182.0,21850,585500,2022-09-21
NIFTYWK17850PE,21-09-2022 13:35:00,182.6,185.2,179.2,183.0,32850,585500,2022-09-21
NIFTYWK17850PE,21-09-2022 13:36:00,182.75,183.4,177.0,179.35,29900,588350,2022-09-21
NIFTYWK17850PE,21-09-2022 13:37:00,179.35,179.65,173.75,176.3,31550,588350,2022-09-21
NIFTYWK17850PE,21-09-2022 13:38:00,177.0,180.0,175.75,178.5,16450,588350,2022-09-21
NIFTYWK17850PE,21-09-2022 13:39:00,177.8,177.8,165.1,166.4,102550,586500,2022-09-21
NIFTYWK17850PE,21-09-2022 13:40:00,165.6,167.55,159.55,164.35,71350,586500,2022-09-21
NIFTYWK17850PE,21-09-2022 13:41:00,164.7,166.75,161.05,161.05,44300,586500,2022-09-21
NIFTYWK17850PE,21-09-2022 13:42:00,161.05,166.15,159.5,164.85,37500,574300,2022-09-21
NIFTYWK17850PE,21-09-2022 13:43:00,164.35,170.85,162.9,170.25,50400,574300,2022-09-21
NIFTYWK17850PE,21-09-2022 13:44:00,170.45,171.15,166.6,170.9,27100,574300,2022-09-21
NIFTYWK17850PE,21-09-2022 13:45:00,169.95,169.95,162.85,164.65,43800,559100,2022-09-21
NIFTYWK17850PE,21-09-2022 13:46:00,164.65,164.75,158.05,158.65,31650,559100,2022-09-21
NIFTYWK17850PE,21-09-2022 13:47:00,158.15,160.25,155.6,160.25,55950,559100,2022-09-21
NIFTYWK17850PE,21-09-2022 13:48:00,159.65,159.65,154.2,156.75,29550,583100,2022-09-21
NIFTYWK17850PE,21-09-2022 13:49:00,156.25,156.5,150.6,154.2,57300,583100,2022-09-21
NIFTYWK17850PE,21-09-2022 13:50:00,153.4,155.8,151.0,155.75,26250,583100,2022-09-21
NIFTYWK17850PE,21-09-2022 13:51:00,155.25,160.0,153.0,156.3,28550,582650,2022-09-21
NIFTYWK17850PE,21-09-2022 13:52:00,155.75,158.8,154.6,154.7,31450,582650,2022-09-21
NIFTYWK17850PE,21-09-2022 13:53:00,154.45,158.85,152.6,158.85,28750,582650,2022-09-21
NIFTYWK17850PE,21-09-2022 13:54:00,158.85,159.3,156.55,156.9,19500,575150,2022-09-21
NIFTYWK17850PE,21-09-2022 13:55:00,157.5,157.5,153.1,155.5,30650,575150,2022-09-21
NIFTYWK17850PE,21-09-2022 13:56:00,155.45,163.7,154.15,161.55,49200,575150,2022-09-21
NIFTYWK17850PE,21-09-2022 13:57:00,161.4,162.35,158.3,161.6,23700,586200,2022-09-21
NIFTYWK17850PE,21-09-2022 13:58:00,162.85,163.0,158.95,160.7,19500,586200,2022-09-21
NIFTYWK17850PE,21-09-2022 13:59:00,160.7,167.0,160.7,164.0,51350,586200,2022-09-21
NIFTYWK17850PE,21-09-2022 14:00:00,162.7,169.0,162.25,162.8,54300,598300,2022-09-21
NIFTYWK17850PE,21-09-2022 14:01:00,163.25,166.75,161.0,164.8,42850,598300,2022-09-21
NIFTYWK17850PE,21-09-2022 14:02:00,164.05,165.0,160.3,163.1,19050,598300,2022-09-21
NIFTYWK17850PE,21-09-2022 14:03:00,163.25,164.35,157.95,157.95,36100,607250,2022-09-21
NIFTYWK17850PE,21-09-2022 14:04:00,157.55,160.0,153.0,154.0,37250,607250,2022-09-21
NIFTYWK17850PE,21-09-2022 14:05:00,153.75,155.05,148.35,149.3,58800,607250,2022-09-21
NIFTYWK17850PE,21-09-2022 14:06:00,147.95,148.35,145.6,147.6,38900,589950,2022-09-21
NIFTYWK17850PE,21-09-2022 14:07:00,147.5,152.35,146.55,150.35,39850,589950,2022-09-21
NIFTYWK17850PE,21-09-2022 14:08:00,150.65,155.4,150.35,153.05,32100,589950,2022-09-21
NIFTYWK17850PE,21-09-2022 14:09:00,152.9,152.9,143.75,143.75,62050,585550,2022-09-21
NIFTYWK17850PE,21-09-2022 14:10:00,143.55,143.85,141.05,143.35,76000,585550,2022-09-21
NIFTYWK17850PE,21-09-2022 14:11:00,143.3,144.45,139.6,143.8,69000,585550,2022-09-21
NIFTYWK17850PE,21-09-2022 14:12:00,143.7,145.3,141.0,142.15,48200,590100,2022-09-21
NIFTYWK17850PE,21-09-2022 14:13:00,141.75,147.8,141.6,147.25,46950,590100,2022-09-21
NIFTYWK17850PE,21-09-2022 14:14:00,147.0,148.0,144.3,145.9,65250,590100,2022-09-21
NIFTYWK17850PE,21-09-2022 14:15:00,144.5,152.9,141.55,152.7,100750,604250,2022-09-21
NIFTYWK17850PE,21-09-2022 14:16:00,153.0,153.05,142.1,143.95,66800,604250,2022-09-21
NIFTYWK17850PE,21-09-2022 14:17:00,144.2,149.1,143.0,146.45,43300,604250,2022-09-21
NIFTYWK17850PE,21-09-2022 14:18:00,146.45,150.8,146.2,150.1,39450,603750,2022-09-21
NIFTYWK17850PE,21-09-2022 14:19:00,150.0,151.45,146.95,148.15,29650,603750,2022-09-21
NIFTYWK17850PE,21-09-2022 14:20:00,147.5,155.4,145.5,153.85,52550,603750,2022-09-21
NIFTYWK17850PE,21-09-2022 14:21:00,153.4,158.15,152.3,156.85,72000,587200,2022-09-21
NIFTYWK17850PE,21-09-2022 14:22:00,156.85,159.3,153.25,158.15,56000,587200,2022-09-21
NIFTYWK17850PE,21-09-2022 14:23:00,158.45,158.7,154.0,156.2,30100,587200,2022-09-21
NIFTYWK17850PE,21-09-2022 14:24:00,156.8,158.55,152.85,154.45,39100,577350,2022-09-21
NIFTYWK17850PE,21-09-2022 14:25:00,154.25,154.25,150.4,153.8,33150,577350,2022-09-21
NIFTYWK17850PE,21-09-2022 14:26:00,153.8,160.45,151.0,160.45,41550,577350,2022-09-21
NIFTYWK17850PE,21-09-2022 14:27:00,160.85,162.5,155.65,157.9,74350,564350,2022-09-21
NIFTYWK17850PE,21-09-2022 14:28:00,157.95,158.7,154.85,157.0,29800,564350,2022-09-21
NIFTYWK17850PE,21-09-2022 14:29:00,156.7,158.0,154.85,157.0,23500,564350,2022-09-21
NIFTYWK17850PE,21-09-2022 14:30:00,157.0,161.95,151.75,159.5,54700,568200,2022-09-21
NIFTYWK17850PE,21-09-2022 14:31:00,159.15,159.15,154.35,157.45,20600,568200,2022-09-21
NIFTYWK17850PE,21-09-2022 14:32:00,157.6,157.95,154.05,157.8,26400,568200,2022-09-21
NIFTYWK17850PE,21-09-2022 14:33:00,158.0,166.15,158.0,166.15,73450,578550,2022-09-21
NIFTYWK17850PE,21-09-2022 14:34:00,166.1,170.65,164.0,170.65,68900,578550,2022-09-21
NIFTYWK17850PE,21-09-2022 14:35:00,171.1,173.8,162.9,164.5,87300,578550,2022-09-21
NIFTYWK17850PE,21-09-2022 14:36:00,165.3,165.3,160.4,164.55,56500,548150,2022-09-21
NIFTYWK17850PE,21-09-2022 14:37:00,164.8,166.5,160.85,163.2,23600,548150,2022-09-21
NIFTYWK17850PE,21-09-2022 14:38:00,163.45,172.85,163.25,171.85,44450,548150,2022-09-21
NIFTYWK17850PE,21-09-2022 14:39:00,170.95,178.85,167.0,178.75,73400,554150,2022-09-21
NIFTYWK17850PE,21-09-2022 14:40:00,180.25,181.0,170.95,175.15,66350,554150,2022-09-21
NIFTYWK17850PE,21-09-2022 14:41:00,175.1,175.35,166.15,166.8,38900,554150,2022-09-21
NIFTYWK17850PE,21-09-2022 14:42:00,167.65,168.1,155.95,157.05,75450,538550,2022-09-21
NIFTYWK17850PE,21-09-2022 14:43:00,157.05,165.0,157.05,162.2,67050,538550,2022-09-21
NIFTYWK17850PE,21-09-2022 14:44:00,162.0,168.6,159.75,167.4,35700,538550,2022-09-21
NIFTYWK17850PE,21-09-2022 14:45:00,166.85,172.65,163.1,166.6,36250,533600,2022-09-21
NIFTYWK17850PE,21-09-2022 14:46:00,167.45,173.0,165.75,172.9,35300,533600,2022-09-21
NIFTYWK17850PE,21-09-2022 14:47:00,172.75,183.7,170.65,183.7,65950,533600,2022-09-21
NIFTYWK17850PE,21-09-2022 14:48:00,184.1,187.1,174.1,183.0,70300,516900,2022-09-21
NIFTYWK17850PE,21-09-2022 14:49:00,182.15,186.6,181.0,184.05,61150,516900,2022-09-21
NIFTYWK17850PE,21-09-2022 14:50:00,182.55,188.2,178.75,187.0,70050,516900,2022-09-21
NIFTYWK17850PE,21-09-2022 14:51:00,185.9,185.9,177.4,177.7,52000,510100,2022-09-21
NIFTYWK17850PE,21-09-2022 14:52:00,176.55,179.4,174.2,175.55,37350,510100,2022-09-21
NIFTYWK17850PE,21-09-2022 14:53:00,175.45,177.0,171.65,175.6,33150,510100,2022-09-21
NIFTYWK17850PE,21-09-2022 14:54:00,175.6,179.25,175.6,176.1,26200,500600,2022-09-21
NIFTYWK17850PE,21-09-2022 14:55:00,176.1,177.0,167.5,170.0,48750,500600,2022-09-21
NIFTYWK17850PE,21-09-2022 14:56:00,170.75,174.05,167.35,171.6,32000,500600,2022-09-21
NIFTYWK17850PE,21-09-2022 14:57:00,171.6,178.0,171.35,175.5,30600,493200,2022-09-21
NIFTYWK17850PE,21-09-2022 14:58:00,174.9,183.5,174.65,181.3,43800,493200,2022-09-21
NIFTYWK17850PE,21-09-2022 14:59:00,180.45,182.05,176.55,178.8,45100,493200,2022-09-21
NIFTYWK17850PE,21-09-2022 15:00:00,179.2,179.85,167.3,170.9,74700,489350,2022-09-21
NIFTYWK17850PE,21-09-2022 15:01:00,172.0,192.6,170.45,192.6,110150,489350,2022-09-21
NIFTYWK17850PE,21-09-2022 15:02:00,192.9,195.25,186.25,188.7,79800,489350,2022-09-21
NIFTYWK17850PE,21-09-2022 15:03:00,187.6,188.65,183.25,185.45,30600,482400,2022-09-21
NIFTYWK17850PE,21-09-2022 15:04:00,184.65,192.3,183.3,189.95,49350,482400,2022-09-21
NIFTYWK17850PE,21-09-2022 15:05:00,189.9,191.75,187.2,188.0,35950,482400,2022-09-21
NIFTYWK17850PE,21-09-2022 15:06:00,189.25,190.75,186.3,188.5,23450,478550,2022-09-21
NIFTYWK17850PE,21-09-2022 15:07:00,189.0,196.0,185.15,192.3,51350,478550,2022-09-21
NIFTYWK17850PE,21-09-2022 15:08:00,192.15,195.65,188.6,189.35,30900,478550,2022-09-21
NIFTYWK17850PE,21-09-2022 15:09:00,188.8,193.3,187.15,188.85,32000,460650,2022-09-21
NIFTYWK17850PE,21-09-2022 15:10:00,188.85,189.8,183.8,189.15,36750,460650,2022-09-21
NIFTYWK17850PE,21-09-2022 15:11:00,188.7,191.25,186.25,187.2,20850,460650,2022-09-21
NIFTYWK17850PE,21-09-2022 15:12:00,188.05,191.2,185.15,190.85,28400,453300,2022-09-21
NIFTYWK17850PE,21-09-2022 15:13:00,190.9,191.95,189.65,190.7,16450,453300,2022-09-21
NIFTYWK17850PE,21-09-2022 15:14:00,191.1,192.75,190.05,192.7,25100,453300,2022-09-21
NIFTYWK17850PE,21-09-2022 15:15:00,192.35,192.65,187.5,191.85,77800,432400,2022-09-21
NIFTYWK17850PE,21-09-2022 15:16:00,191.05,195.85,190.45,194.75,37800,432400,2022-09-21
NIFTYWK17850PE,21-09-2022 15:17:00,194.55,194.55,189.35,190.85,18300,432400,2022-09-21
NIFTYWK17850PE,21-09-2022 15:18:00,190.45,190.45,185.2,186.45,30100,409000,2022-09-21
NIFTYWK17850PE,21-09-2022 15:19:00,186.45,188.65,184.6,188.65,45650,409000,2022-09-21
NIFTYWK17850PE,21-09-2022 15:20:00,188.4,192.5,187.4,191.45,46600,409000,2022-09-21
NIFTYWK17850PE,21-09-2022 15:21:00,191.45,192.0,189.5,191.1,33100,398900,2022-09-21
NIFTYWK17850PE,21-09-2022 15:22:00,192.0,196.8,191.65,196.8,46250,398900,2022-09-21
NIFTYWK17850PE,21-09-2022 15:23:00,196.4,199.15,195.45,198.9,36450,398900,2022-09-21
NIFTYWK17850PE,21-09-2022 15:24:00,198.5,199.15,196.1,197.35,29050,385400,2022-09-21
NIFTYWK17850PE,21-09-2022 15:25:00,196.3,196.55,191.0,191.0,51700,385400,2022-09-21
NIFTYWK17850PE,21-09-2022 15:26:00,190.65,191.65,180.9,180.9,32350,385400,2022-09-21
NIFTYWK17850PE,21-09-2022 15:27:00,180.45,190.55,180.45,190.55,22500,361650,2022-09-21
NIFTYWK17850PE,21-09-2022 15:28:00,189.6,190.45,186.25,188.0,23450,361650,2022-09-21
NIFTYWK17850PE,21-09-2022 15:29:00,188.0,188.6,182.5,182.5,23800,361650,2022-09-21
